Solver: gecode
Model: CP_A_SB

Running Instance: inst01
maximum distance among couriers = 14;
total distance of all couriers = 27;
courier_assignment = [1, 2, 1, 1, 2, 2, 1, 2, 1, 2];
successor = [3, 5, 4, 9, 6, 10, 1, 2, 8, 7];
predecessor = [7, 8, 1, 3, 2, 5, 10, 9, 4, 6];
intload = [0, 0, 3, 9, 2, 6, 0, 0, 14, 10];
----------
==========
Time taken: 1.0 seconds

Running Instance: inst02
maximum distance among couriers = 226;
total distance of all couriers = 1109;
courier_assignment = [6, 5, 5, 3, 2, 4, 1, 4, 2, 1, 2, 3, 4, 5, 6, 1, 2, 3, 4, 5, 6];
successor = [21, 3, 20, 18, 9, 19, 16, 6, 17, 7, 5, 4, 8, 2, 1, 11, 12, 13, 14, 15, 10];
predecessor = [15, 14, 2, 12, 11, 8, 10, 13, 5, 21, 16, 17, 18, 19, 20, 7, 9, 4, 6, 3, 1];
intload = [0, 0, 11, 0, 0, 14, 0, 0, 2, 0, 0, 0, 0, 0, 0, 24, 22, 16, 15, 34, 11];
----------
==========
Time taken: 22.0 seconds

Running Instance: inst03
maximum distance among couriers = 12;
total distance of all couriers = 34;
courier_assignment = [3, 2, 1, 2, 1, 1, 3, 1, 2, 3, 1, 2, 3];
successor = [7, 12, 11, 2, 6, 3, 13, 5, 4, 1, 9, 10, 8];
predecessor = [10, 4, 6, 9, 8, 5, 1, 13, 11, 12, 3, 2, 7];
intload = [0, 8, 9, 0, 0, 5, 3, 0, 0, 0, 15, 10, 7];
----------
==========
Time taken: 1.0 seconds

Running Instance: inst04
maximum distance among couriers = 220;
total distance of all couriers = 883;
courier_assignment = [4, 8, 7, 6, 7, 8, 5, 2, 8, 8, 1, 2, 3, 4, 5, 6, 7, 8, 1, 2, 3, 4, 5, 6, 7, 8];
successor = [22, 10, 25, 24, 3, 9, 23, 20, 26, 6, 19, 8, 21, 1, 7, 4, 5, 2, 12, 13, 14, 15, 16, 17, 18, 11];
predecessor = [14, 18, 5, 16, 17, 10, 15, 12, 6, 2, 26, 19, 20, 21, 22, 23, 24, 25, 11, 8, 13, 1, 7, 4, 3, 9];
intload = [0, 0, 14, 0, 0, 44, 0, 0, 60, 25, 0, 0, 0, 0, 0, 0, 0, 0, 0, 19, 0, 10, 24, 16, 32, 83];
----------
Time taken: 150.0 seconds

Running Instance: inst05
maximum distance among couriers = 206;
total distance of all couriers = 366;
courier_assignment = [2, 1, 2, 1, 2, 1, 2];
successor = [3, 6, 7, 2, 1, 5, 4];
predecessor = [5, 4, 1, 7, 6, 2, 3];
intload = [0, 0, 20, 0, 0, 17, 26];
----------
==========
Time taken: 1.0 seconds

Running Instance: inst06
maximum distance among couriers = 322;
total distance of all couriers = 1152;
courier_assignment = [6, 5, 5, 5, 4, 5, 6, 3, 1, 2, 3, 4, 5, 6, 1, 2, 3, 4, 5, 6];
successor = [20, 4, 6, 19, 18, 2, 1, 17, 15, 16, 8, 5, 3, 7, 10, 11, 12, 13, 14, 9];
predecessor = [7, 6, 13, 2, 12, 3, 14, 11, 20, 15, 16, 17, 18, 19, 9, 10, 8, 5, 4, 1];
intload = [6, 35, 0, 60, 0, 21, 0, 0, 0, 0, 0, 0, 0, 0, 0, 0, 20, 19, 74, 22];
----------
==========
Time taken: 12.0 seconds

Running Instance: inst07
maximum distance among couriers = 251;
total distance of all couriers = 1027;
courier_assignment = [6, 5, 5, 5, 4, 4, 6, 3, 2, 3, 4, 2, 2, 2, 2, 4, 3, 1, 2, 3, 4, 5, 6, 1, 2, 3, 4, 5, 6];
successor = [29, 3, 28, 2, 27, 5, 1, 26, 12, 17, 16, 13, 25, 9, 14, 6, 8, 24, 15, 10, 11, 4, 7, 19, 20, 21, 22, 23, 18];
predecessor = [7, 4, 2, 22, 6, 16, 23, 17, 14, 20, 21, 9, 12, 15, 19, 11, 10, 29, 24, 25, 26, 27, 28, 18, 13, 8, 5, 3, 1];
intload = [24, 16, 27, 0, 33, 32, 0, 20, 21, 0, 0, 41, 63, 9, 0, 11, 10, 0, 0, 0, 0, 0, 0, 0, 65, 34, 35, 50, 35];
----------
Time taken: 150.0 seconds

Running Instance: inst08
maximum distance among couriers = 186;
total distance of all couriers = 984;
courier_assignment = [8, 7, 6, 7, 6, 5, 1, 4, 3, 6, 1, 2, 3, 4, 5, 6, 7, 8, 1, 2, 3, 4, 5, 6, 7, 8];
successor = [26, 25, 10, 2, 24, 23, 19, 22, 21, 5, 7, 20, 9, 8, 6, 3, 4, 1, 12, 13, 14, 15, 16, 17, 18, 11];
predecessor = [18, 4, 16, 17, 10, 15, 11, 14, 13, 3, 26, 19, 20, 21, 22, 23, 24, 25, 7, 12, 9, 8, 6, 5, 2, 1];
intload = [0, 16, 0, 0, 37, 0, 0, 0, 0, 18, 0, 0, 0, 0, 0, 0, 0, 0, 9, 0, 24, 16, 7, 51, 41, 10];
----------
Time taken: 150.0 seconds

Running Instance: inst09
maximum distance among couriers = 436;
total distance of all couriers = 2045;
courier_assignment = [10, 9, 7, 8, 7, 6, 10, 4, 3, 8, 5, 8, 6, 1, 2, 3, 4, 5, 6, 7, 8, 9, 10, 1, 2, 3, 4, 5, 6, 7, 8, 9, 10];
successor = [33, 32, 5, 31, 30, 13, 1, 27, 26, 12, 28, 4, 29, 24, 25, 9, 8, 11, 6, 3, 10, 2, 7, 15, 16, 17, 18, 19, 20, 21, 22, 23, 14];
predecessor = [7, 22, 20, 12, 3, 19, 23, 17, 16, 21, 18, 10, 6, 33, 24, 25, 26, 27, 28, 29, 30, 31, 32, 14, 15, 9, 8, 11, 13, 5, 4, 2, 1];
intload = [21, 0, 0, 24, 3, 0, 0, 0, 0, 0, 0, 21, 20, 0, 0, 0, 0, 0, 0, 0, 0, 0, 0, 0, 0, 25, 4, 7, 29, 16, 39, 12, 25];
----------
Time taken: 151.0 seconds

Running Instance: inst10
maximum distance among couriers = 251;
total distance of all couriers = 1573;
courier_assignment = [10, 9, 1, 7, 8, 7, 6, 10, 4, 5, 7, 3, 2, 1, 2, 3, 4, 5, 6, 7, 8, 9, 10, 1, 2, 3, 4, 5, 6, 7, 8, 9, 10];
successor = [33, 32, 24, 11, 31, 4, 29, 1, 27, 28, 30, 26, 25, 3, 13, 12, 9, 10, 7, 6, 5, 2, 8, 15, 16, 17, 18, 19, 20, 21, 22, 23, 14];
predecessor = [8, 22, 14, 6, 21, 20, 19, 23, 17, 18, 4, 16, 15, 33, 24, 25, 26, 27, 28, 29, 30, 31, 32, 3, 13, 12, 9, 10, 7, 11, 5, 2, 1];
intload = [19, 0, 0, 12, 0, 0, 0, 0, 0, 0, 20, 0, 0, 0, 0, 0, 0, 0, 0, 0, 0, 0, 0, 10, 6, 21, 25, 25, 17, 26, 14, 17, 41];
----------
Time taken: 150.0 seconds

Running Instance: inst11
=====UNKNOWN=====
Time taken: 151.0 seconds

Running Instance: inst12
maximum distance among couriers = 547;
total distance of all couriers = 6748;
courier_assignment = [7, 19, 3, 13, 13, 19, 9, 7, 9, 7, 20, 9, 15, 7, 13, 20, 20, 20, 16, 20, 3, 16, 12, 19, 15, 20, 13, 13, 15, 7, 9, 11, 20, 11, 18, 13, 7, 20, 12, 11, 13, 16, 18, 13, 12, 18, 18, 20, 6, 3, 20, 18, 15, 6, 16, 16, 16, 6, 16, 12, 16, 18, 17, 3, 8, 18, 20, 19, 7, 2, 7, 16, 11, 15, 19, 6, 12, 7, 20, 16, 9, 15, 15, 9, 4, 8, 15, 15, 14, 17, 4, 13, 18, 10, 5, 1, 2, 3, 4, 5, 6, 7, 8, 9, 10, 11, 12, 13, 14, 15, 16, 17, 18, 19, 20, 1, 2, 3, 4, 5, 6, 7, 8, 9, 10, 11, 12, 13, 14, 15, 16, 17, 18, 19, 20];
successor = [69, 75, 118, 41, 44, 24, 84, 37, 7, 78, 51, 124, 74, 10, 28, 38, 79, 67, 59, 17, 50, 56, 127, 2, 13, 135, 92, 4, 83, 71, 12, 73, 16, 126, 47, 15, 122, 20, 77, 32, 27, 19, 93, 128, 23, 43, 133, 18, 58, 64, 48, 46, 82, 121, 57, 42, 80, 76, 72, 39, 22, 52, 90, 3, 123, 62, 33, 6, 8, 117, 14, 55, 34, 130, 134, 54, 45, 1, 26, 131, 9, 87, 53, 31, 91, 65, 25, 29, 129, 132, 119, 5, 35, 125, 120, 116, 70, 21, 85, 95, 49, 30, 86, 81, 94, 40, 60, 36, 89, 88, 61, 63, 66, 68, 11, 97, 98, 99, 100, 101, 102, 103, 104, 105, 106, 107, 108, 109, 110, 111, 112, 113, 114, 115, 96];
predecessor = [78, 24, 64, 28, 92, 68, 9, 69, 81, 14, 115, 31, 25, 71, 36, 33, 20, 48, 42, 38, 98, 61, 45, 6, 87, 79, 41, 15, 88, 102, 84, 40, 67, 73, 93, 108, 8, 16, 60, 106, 4, 56, 46, 5, 77, 52, 35, 51, 101, 21, 11, 62, 83, 76, 72, 22, 55, 49, 19, 107, 111, 66, 112, 50, 86, 113, 18, 114, 1, 97, 30, 59, 32, 13, 2, 58, 39, 10, 17, 57, 104, 53, 29, 7, 99, 103, 82, 110, 109, 63, 85, 27, 43, 105, 100, 135, 116, 117, 118, 119, 120, 121, 122, 123, 124, 125, 126, 127, 128, 129, 130, 131, 132, 133, 134, 96, 70, 3, 91, 95, 54, 37, 65, 12, 94, 34, 23, 44, 89, 74, 80, 90, 47, 75, 26];
intload = [61, 42, 68, 28, 98, 6, 38, 85, 13, 28, 0, 85, 89, 23, 5, 47, 98, 30, 57, 80, 0, 16, 38, 26, 70, 128, 66, 25, 18, 0, 61, 1, 33, 26, 75, 0, 89, 68, 10, 0, 43, 44, 52, 111, 21, 39, 95, 20, 0, 24, 7, 14, 36, 45, 98, 40, 101, 22, 73, 0, 0, 5, 0, 45, 8, 0, 32, 0, 65, 0, 4, 74, 23, 98, 54, 40, 17, 49, 117, 114, 0, 44, 33, 59, 0, 0, 45, 0, 0, 13, 23, 75, 56, 0, 0, 0, 0, 0, 0, 0, 0, 0, 0, 0, 0, 0, 0, 0, 0, 0, 0, 0, 0, 0, 0, 0, 10, 71, 44, 21, 65, 100, 22, 88, 2, 37, 46, 134, 4, 103, 134, 18, 104, 67, 140];
----------
Time taken: 150.0 seconds

Running Instance: inst13
=====UNKNOWN=====
Time taken: 151.0 seconds

Running Instance: inst14
=====UNKNOWN=====
Time taken: 151.0 seconds

Running Instance: inst15
=====UNKNOWN=====
Time taken: 152.0 seconds

Running Instance: inst16
maximum distance among couriers = 469;
total distance of all couriers = 4038;
courier_assignment = [6, 19, 16, 19, 6, 6, 6, 16, 20, 17, 13, 20, 20, 20, 16, 20, 3, 17, 12, 19, 15, 20, 13, 13, 15, 6, 6, 17, 13, 20, 11, 18, 10, 12, 7, 10, 1, 20, 12, 11, 13, 16, 18, 13, 9, 8, 5, 1, 2, 3, 4, 5, 6, 7, 8, 9, 10, 11, 12, 13, 14, 15, 16, 17, 18, 19, 20, 1, 2, 3, 4, 5, 6, 7, 8, 9, 10, 11, 12, 13, 14, 15, 16, 17, 18, 19, 20];
successor = [5, 4, 15, 86, 7, 27, 73, 83, 87, 18, 24, 30, 38, 16, 8, 13, 70, 28, 39, 2, 82, 14, 41, 44, 21, 1, 26, 84, 23, 9, 40, 85, 36, 19, 74, 77, 68, 12, 79, 78, 80, 3, 32, 29, 76, 75, 72, 37, 69, 17, 71, 47, 6, 35, 46, 45, 33, 31, 34, 11, 81, 25, 42, 10, 43, 20, 22, 49, 50, 51, 52, 53, 54, 55, 56, 57, 58, 59, 60, 61, 62, 63, 64, 65, 66, 67, 48];
predecessor = [26, 20, 42, 2, 1, 53, 5, 15, 30, 64, 60, 38, 16, 22, 3, 14, 50, 10, 34, 66, 25, 67, 29, 11, 62, 27, 6, 18, 44, 12, 58, 43, 57, 59, 54, 33, 48, 13, 19, 31, 23, 63, 65, 24, 56, 55, 52, 87, 68, 69, 70, 71, 72, 73, 74, 75, 76, 77, 78, 79, 80, 81, 82, 83, 84, 85, 86, 37, 49, 17, 51, 47, 7, 35, 46, 45, 36, 40, 39, 41, 61, 21, 8, 28, 32, 4, 9];
intload = [27, 16, 22, 24, 39, 0, 51, 42, 98, 0, 0, 79, 55, 21, 38, 30, 0, 18, 22, 0, 14, 0, 49, 7, 0, 21, 5, 35, 29, 85, 0, 24, 0, 0, 0, 19, 0, 64, 25, 10, 63, 0, 0, 26, 0, 0, 0, 0, 0, 0, 0, 0, 0, 0, 0, 0, 0, 0, 0, 0, 0, 0, 0, 0, 0, 0, 0, 11, 0, 5, 0, 21, 64, 14, 19, 25, 29, 25, 38, 71, 0, 39, 62, 44, 40, 29, 111];
----------
Time taken: 150.0 seconds

Running Instance: inst17
=====UNKNOWN=====
Time taken: 152.0 seconds

Running Instance: inst18
=====UNKNOWN=====
Time taken: 151.0 seconds

Running Instance: inst19
=====UNKNOWN=====
Time taken: 151.0 seconds

Running Instance: inst20
=====UNKNOWN=====
Time taken: 151.0 seconds

Running Instance: inst21
maximum distance among couriers = 936;
total distance of all couriers = 13717;
courier_assignment = [20, 13, 16, 14, 11, 19, 8, 15, 9, 11, 14, 4, 4, 20, 9, 17, 14, 7, 13, 20, 8, 13, 20, 14, 19, 16, 20, 5, 1, 3, 16, 19, 5, 15, 20, 13, 4, 16, 7, 17, 13, 5, 3, 19, 11, 18, 13, 7, 1, 20, 12, 11, 13, 16, 18, 13, 12, 18, 18, 5, 3, 20, 4, 20, 18, 15, 16, 16, 16, 4, 5, 16, 12, 1, 16, 18, 17, 3, 8, 18, 20, 19, 7, 8, 16, 11, 15, 1, 19, 13, 7, 20, 16, 9, 15, 15, 10, 8, 4, 8, 15, 15, 5, 13, 17, 4, 13, 18, 13, 19, 9, 19, 18, 11, 3, 6, 1, 20, 5, 18, 8, 19, 11, 18, 7, 7, 17, 11, 16, 14, 9, 12, 16, 6, 20, 3, 15, 8, 5, 17, 4, 1, 9, 1, 2, 3, 4, 5, 6, 7, 8, 9, 10, 11, 12, 13, 14, 15, 16, 17, 18, 19, 20, 1, 2, 3, 4, 5, 6, 7, 8, 9, 10, 11, 12, 13, 14, 15, 16, 17, 18, 19, 20];
successor = [118, 90, 93, 17, 123, 25, 171, 34, 131, 128, 24, 167, 37, 27, 111, 140, 11, 125, 56, 50, 7, 19, 64, 130, 122, 3, 1, 139, 74, 166, 38, 110, 42, 178, 14, 22, 63, 179, 91, 77, 2, 103, 61, 89, 86, 80, 109, 18, 164, 81, 73, 5, 47, 75, 58, 104, 132, 113, 65, 168, 136, 135, 106, 20, 55, 87, 85, 69, 31, 99, 60, 129, 175, 88, 67, 59, 180, 115, 84, 108, 35, 32, 48, 21, 72, 114, 102, 142, 182, 53, 170, 183, 68, 15, 8, 101, 173, 79, 12, 138, 66, 95, 28, 176, 16, 141, 36, 76, 107, 6, 172, 44, 124, 174, 30, 134, 29, 62, 71, 181, 98, 112, 10, 120, 126, 39, 105, 45, 133, 177, 143, 51, 26, 169, 92, 78, 96, 121, 119, 40, 70, 49, 94, 117, 165, 43, 13, 33, 116, 83, 100, 9, 97, 52, 57, 41, 4, 137, 54, 127, 46, 82, 23, 145, 146, 147, 148, 149, 150, 151, 152, 153, 154, 155, 156, 157, 158, 159, 160, 161, 162, 163, 144];
predecessor = [27, 41, 26, 157, 52, 110, 21, 95, 152, 123, 17, 99, 147, 35, 94, 105, 4, 48, 22, 64, 84, 36, 163, 11, 6, 133, 14, 103, 117, 115, 69, 82, 148, 8, 81, 107, 13, 31, 126, 140, 156, 33, 146, 112, 128, 161, 53, 83, 142, 20, 132, 154, 90, 159, 65, 19, 155, 55, 76, 71, 43, 118, 37, 23, 59, 101, 75, 93, 68, 141, 119, 85, 51, 29, 54, 108, 40, 136, 98, 46, 50, 162, 150, 79, 67, 45, 66, 74, 44, 2, 39, 135, 3, 143, 102, 137, 153, 121, 70, 151, 96, 87, 42, 56, 127, 63, 109, 80, 47, 32, 15, 122, 58, 86, 78, 149, 144, 1, 139, 124, 138, 25, 5, 113, 18, 125, 160, 10, 72, 24, 9, 57, 129, 116, 62, 61, 158, 100, 28, 16, 106, 88, 131, 183, 164, 165, 166, 167, 168, 169, 170, 171, 172, 173, 174, 175, 176, 177, 178, 179, 180, 181, 182, 49, 145, 30, 12, 60, 134, 91, 7, 111, 97, 114, 73, 104, 130, 34, 38, 77, 120, 89, 92];
intload = [145, 5, 71, 0, 23, 59, 59, 76, 0, 68, 34, 54, 0, 106, 54, 23, 24, 25, 124, 34, 51, 110, 0, 39, 65, 46, 120, 34, 22, 90, 111, 20, 0, 77, 87, 104, 8, 130, 66, 34, 0, 21, 0, 99, 103, 0, 59, 3, 93, 44, 15, 0, 42, 0, 61, 141, 0, 62, 27, 91, 21, 172, 18, 12, 48, 28, 18, 103, 110, 40, 81, 25, 24, 43, 4, 23, 50, 53, 33, 1, 62, 0, 0, 44, 23, 109, 45, 60, 119, 27, 83, 182, 81, 35, 71, 16, 0, 26, 43, 0, 26, 59, 22, 155, 15, 24, 79, 17, 70, 36, 58, 92, 69, 115, 78, 0, 0, 154, 65, 92, 25, 84, 48, 75, 47, 58, 0, 87, 30, 56, 19, 11, 36, 3, 177, 39, 0, 14, 40, 30, 28, 74, 29, 0, 0, 0, 0, 0, 0, 0, 0, 0, 0, 0, 0, 0, 0, 0, 0, 0, 0, 0, 0, 118, 0, 93, 63, 94, 20, 105, 81, 73, 4, 120, 25, 179, 80, 94, 152, 60, 97, 121, 186];
----------
Time taken: 151.0 seconds

