Solver: chuffed
Model: CP_A_Chuffed

Running Instance: inst11
=====UNKNOWN=====
Time taken: 301.0 seconds

Running Instance: inst12
=====UNKNOWN=====
Time taken: 302.0 seconds

Running Instance: inst13
maximum distance among couriers = 1776;
total distance of all couriers = 3770;
courier_assignment = [1, 2, 3, 1, 1, 1, 1, 1, 2, 2, 2, 3, 1, 2, 3, 1, 1, 2, 2, 2, 3, 3, 3, 2, 1, 3, 3, 1, 1, 3, 1, 2, 1, 3, 1, 1, 2, 2, 2, 1, 2, 1, 3, 2, 1, 3, 1, 1, 2, 3, 1, 2, 3];
successor = [13, 37, 53, 51, 36, 4, 5, 40, 39, 44, 52, 46, 7, 41, 43, 8, 31, 24, 14, 11, 23, 12, 3, 20, 33, 22, 34, 25, 35, 26, 45, 38, 1, 15, 28, 17, 9, 18, 32, 29, 2, 6, 21, 19, 47, 27, 42, 16, 10, 30, 49, 50, 48];
predecessor = [33, 41, 23, 6, 7, 42, 13, 16, 37, 49, 20, 22, 1, 19, 34, 48, 36, 38, 44, 24, 43, 26, 21, 18, 28, 30, 46, 35, 40, 50, 17, 39, 25, 27, 29, 5, 2, 32, 9, 8, 14, 47, 15, 10, 31, 12, 45, 53, 51, 52, 4, 11, 3];
intload = [136, 41, 170, 280, 170, 275, 157, 25, 60, 0, 169, 40, 148, 24, 103, 0, 192, 117, 21, 153, 131, 19, 156, 134, 103, 13, 65, 94, 60, 0, 197, 86, 117, 81, 80, 182, 49, 102, 73, 45, 33, 253, 107, 18, 207, 46, 232, 0, 0, 0, 285, 176, 186];
----------
% Time limit exceeded!
Time taken: 300.0 seconds

Running Instance: inst14
=====UNKNOWN=====
Time taken: 302.0 seconds

Running Instance: inst15
=====UNKNOWN=====
Time taken: 302.0 seconds

Running Instance: inst16
maximum distance among couriers = 1701;
total distance of all couriers = 4238;
courier_assignment = [20, 18, 10, 10, 20, 20, 20, 15, 20, 19, 20, 19, 20, 20, 20, 3, 10, 3, 14, 8, 6, 6, 20, 15, 20, 20, 20, 8, 19, 19, 20, 18, 15, 20, 20, 20, 20, 19, 20, 15, 20, 18, 18, 19, 18, 20, 20, 1, 2, 3, 4, 5, 6, 7, 8, 9, 10, 11, 12, 13, 14, 15, 16, 17, 18, 19, 20, 1, 2, 3, 4, 5, 6, 7, 8, 9, 10, 11, 12, 13, 14, 15, 16, 17, 18, 19, 20];
successor = [37, 85, 4, 17, 13, 46, 87, 24, 34, 44, 47, 30, 35, 6, 11, 18, 77, 70, 81, 75, 73, 21, 7, 82, 1, 36, 39, 20, 10, 86, 15, 43, 40, 23, 27, 9, 5, 29, 14, 8, 25, 2, 45, 12, 42, 26, 41, 83, 84, 16, 71, 80, 22, 69, 28, 76, 3, 72, 68, 74, 19, 33, 78, 79, 32, 38, 31, 49, 50, 51, 52, 53, 54, 55, 56, 57, 58, 59, 60, 61, 62, 63, 64, 65, 66, 67, 48];
predecessor = [25, 42, 57, 3, 37, 14, 23, 40, 36, 29, 15, 44, 5, 39, 31, 50, 4, 16, 61, 28, 22, 53, 34, 8, 41, 46, 35, 55, 38, 12, 67, 65, 62, 9, 13, 26, 1, 66, 27, 33, 47, 45, 32, 10, 43, 6, 11, 87, 68, 69, 70, 71, 72, 73, 74, 75, 76, 77, 78, 79, 80, 81, 82, 83, 84, 85, 86, 59, 54, 18, 51, 58, 21, 60, 20, 56, 17, 63, 64, 52, 19, 24, 48, 49, 2, 30, 7];
intload = [64, 87, 0, 16, 87, 160, 249, 34, 200, 35, 14, 56, 99, 151, 10, 0, 21, 25, 0, 9, 21, 0, 235, 54, 50, 184, 122, 0, 15, 62, 0, 0, 0, 213, 108, 190, 76, 0, 138, 19, 42, 65, 16, 53, 40, 165, 21, 0, 0, 0, 0, 0, 0, 0, 0, 0, 0, 0, 0, 0, 0, 0, 0, 0, 0, 0, 0, 0, 0, 42, 0, 0, 46, 0, 25, 0, 26, 0, 0, 0, 3, 73, 0, 0, 95, 75, 262];
----------
% Time limit exceeded!
Time taken: 301.0 seconds

Running Instance: inst17
=====UNKNOWN=====
Time taken: 302.0 seconds

Running Instance: inst18
=====UNKNOWN=====
Time taken: 301.0 seconds

Running Instance: inst19
=====UNKNOWN=====
Time taken: 302.0 seconds

Running Instance: inst20
