Solver: gecode
Model: CP_A

Running Instance: inst01
maximum distance among couriers = 14;
total distance of all couriers = 27;
courier_assignment = [1, 2, 1, 1, 2, 2, 1, 2, 1, 2];
successor = [3, 5, 4, 9, 6, 10, 1, 2, 8, 7];
predecessor = [7, 8, 1, 3, 2, 5, 10, 9, 4, 6];
intload = [0, 0, 3, 9, 2, 6, 0, 0, 14, 10];
----------
==========
Time taken: 1.0 seconds

Running Instance: inst02
maximum distance among couriers = 226;
total distance of all couriers = 1109;
courier_assignment = [3, 2, 6, 5, 1, 4, 6, 4, 1, 1, 2, 3, 4, 5, 6, 1, 2, 3, 4, 5, 6];
successor = [18, 17, 7, 20, 9, 8, 21, 19, 16, 5, 2, 1, 6, 4, 3, 11, 12, 13, 14, 15, 10];
predecessor = [12, 11, 15, 14, 10, 13, 3, 6, 5, 21, 16, 17, 18, 19, 20, 9, 2, 1, 8, 4, 7];
intload = [0, 0, 0, 0, 0, 0, 23, 1, 2, 0, 0, 0, 0, 0, 0, 22, 11, 11, 15, 16, 47];
----------
Time taken: 301.0 seconds

Running Instance: inst03
maximum distance among couriers = 12;
total distance of all couriers = 34;
courier_assignment = [3, 2, 1, 2, 1, 1, 3, 1, 2, 3, 1, 2, 3];
successor = [7, 12, 11, 2, 6, 3, 13, 5, 4, 1, 9, 10, 8];
predecessor = [10, 4, 6, 9, 8, 5, 1, 13, 11, 12, 3, 2, 7];
intload = [0, 8, 9, 0, 0, 5, 3, 0, 0, 0, 15, 10, 7];
----------
==========
Time taken: 0 seconds

Running Instance: inst04
maximum distance among couriers = 220;
total distance of all couriers = 911;
courier_assignment = [4, 2, 8, 7, 1, 5, 7, 6, 5, 8, 1, 2, 3, 4, 5, 6, 7, 8, 1, 2, 3, 4, 5, 6, 7, 8];
successor = [22, 20, 10, 7, 19, 9, 25, 24, 23, 26, 5, 2, 21, 1, 6, 8, 4, 3, 12, 13, 14, 15, 16, 17, 18, 11];
predecessor = [14, 12, 18, 17, 11, 15, 4, 16, 6, 3, 26, 19, 20, 21, 22, 23, 24, 25, 5, 2, 13, 1, 9, 8, 7, 10];
intload = [0, 0, 0, 0, 0, 0, 16, 0, 16, 18, 0, 0, 0, 0, 0, 0, 0, 0, 14, 25, 0, 10, 39, 19, 40, 37];
----------
Time taken: 301.0 seconds

Running Instance: inst05
maximum distance among couriers = 206;
total distance of all couriers = 366;
courier_assignment = [2, 1, 2, 1, 2, 1, 2];
successor = [3, 6, 7, 2, 1, 5, 4];
predecessor = [5, 4, 1, 7, 6, 2, 3];
intload = [0, 0, 20, 0, 0, 17, 26];
----------
==========
Time taken: 0 seconds

Running Instance: inst06
maximum distance among couriers = 322;
total distance of all couriers = 1082;
courier_assignment = [3, 2, 6, 5, 1, 4, 5, 5, 1, 2, 3, 4, 5, 6, 1, 2, 3, 4, 5, 6];
successor = [17, 16, 20, 7, 15, 18, 19, 4, 5, 2, 1, 6, 8, 3, 10, 11, 12, 13, 14, 9];
predecessor = [11, 10, 14, 8, 9, 12, 4, 13, 20, 15, 16, 17, 18, 19, 5, 2, 1, 6, 7, 3];
intload = [0, 0, 0, 20, 0, 0, 34, 0, 0, 0, 0, 0, 0, 0, 19, 25, 16, 14, 40, 21];
----------
Time taken: 301.0 seconds

Running Instance: inst07
maximum distance among couriers = 181;
total distance of all couriers = 1024;
courier_assignment = [3, 2, 6, 5, 1, 4, 5, 4, 4, 6, 3, 2, 3, 4, 2, 3, 6, 1, 2, 3, 4, 5, 6, 1, 2, 3, 4, 5, 6];
successor = [16, 12, 29, 28, 24, 8, 4, 27, 14, 3, 1, 15, 11, 6, 25, 26, 10, 5, 2, 13, 9, 7, 17, 19, 20, 21, 22, 23, 18];
predecessor = [11, 19, 10, 7, 18, 14, 22, 6, 21, 17, 13, 2, 20, 9, 12, 1, 23, 29, 24, 25, 26, 27, 28, 5, 15, 16, 8, 4, 3];
intload = [13, 0, 20, 24, 0, 32, 0, 33, 0, 10, 2, 11, 0, 20, 33, 24, 0, 0, 0, 0, 0, 0, 0, 2, 42, 45, 47, 40, 43];
----------
Time taken: 301.0 seconds

Running Instance: inst08
maximum distance among couriers = 186;
total distance of all couriers = 1092;
courier_assignment = [4, 2, 8, 7, 1, 5, 7, 6, 3, 5, 1, 2, 3, 4, 5, 6, 7, 8, 1, 2, 3, 4, 5, 6, 7, 8];
successor = [22, 20, 26, 25, 19, 23, 4, 24, 21, 6, 5, 2, 9, 1, 10, 8, 7, 3, 12, 13, 14, 15, 16, 17, 18, 11];
predecessor = [14, 12, 18, 7, 11, 10, 17, 16, 13, 15, 26, 19, 20, 21, 22, 23, 24, 25, 5, 2, 9, 1, 6, 8, 4, 3];
intload = [0, 0, 0, 9, 0, 19, 0, 0, 0, 0, 0, 0, 0, 0, 0, 0, 0, 0, 14, 25, 24, 10, 26, 16, 25, 18];
----------
Time taken: 301.0 seconds

Running Instance: inst09
maximum distance among couriers = 436;
total distance of all couriers = 1944;
courier_assignment = [5, 3, 10, 9, 1, 7, 8, 10, 2, 6, 2, 4, 6, 1, 2, 3, 4, 5, 6, 7, 8, 9, 10, 1, 2, 3, 4, 5, 6, 7, 8, 9, 10];
successor = [28, 26, 33, 32, 24, 30, 31, 3, 11, 13, 25, 27, 29, 5, 9, 2, 12, 1, 10, 6, 7, 4, 8, 15, 16, 17, 18, 19, 20, 21, 22, 23, 14];
predecessor = [18, 16, 8, 22, 14, 20, 21, 23, 15, 19, 9, 17, 10, 33, 24, 25, 26, 27, 28, 29, 30, 31, 32, 5, 11, 2, 12, 1, 13, 6, 7, 4, 3];
intload = [0, 0, 4, 0, 0, 0, 0, 0, 0, 0, 25, 0, 21, 0, 0, 0, 0, 0, 0, 0, 0, 0, 0, 13, 32, 12, 3, 4, 30, 20, 21, 15, 7];
----------
Time taken: 301.0 seconds

Running Instance: inst10
maximum distance among couriers = 244;
total distance of all couriers = 1443;
courier_assignment = [5, 3, 10, 9, 1, 7, 8, 3, 7, 5, 1, 6, 8, 1, 2, 3, 4, 5, 6, 7, 8, 9, 10, 1, 2, 3, 4, 5, 6, 7, 8, 9, 10];
successor = [28, 26, 33, 32, 24, 30, 31, 2, 6, 1, 5, 29, 7, 11, 25, 8, 27, 10, 12, 9, 13, 4, 3, 15, 16, 17, 18, 19, 20, 21, 22, 23, 14];
predecessor = [10, 8, 23, 22, 11, 9, 13, 16, 20, 18, 14, 19, 21, 33, 24, 25, 26, 27, 28, 29, 30, 31, 32, 5, 15, 2, 17, 1, 12, 6, 7, 4, 3];
intload = [25, 19, 0, 0, 6, 25, 6, 0, 0, 0, 0, 0, 0, 0, 0, 0, 0, 0, 0, 0, 0, 0, 0, 20, 0, 36, 0, 47, 21, 37, 23, 8, 10];
----------
Time taken: 301.0 seconds

Running Instance: inst13
=====UNKNOWN=====
Time taken: 301.0 seconds

Running Instance: inst14
=====UNKNOWN=====
Time taken: 301.0 seconds

Running Instance: inst15
=====UNKNOWN=====
Time taken: 301.0 seconds

Running Instance: inst16
maximum distance among couriers = 389;
total distance of all couriers = 4023;
courier_assignment = [10, 5, 19, 17, 2, 13, 16, 14, 11, 19, 8, 5, 8, 13, 5, 5, 7, 5, 11, 8, 14, 2, 3, 4, 20, 9, 17, 14, 7, 13, 20, 8, 13, 20, 14, 19, 16, 20, 3, 4, 1, 3, 16, 12, 19, 5, 15, 1, 2, 3, 4, 5, 6, 7, 8, 9, 10, 11, 12, 13, 14, 15, 16, 17, 18, 19, 20, 1, 2, 3, 4, 5, 6, 7, 8, 9, 10, 11, 12, 13, 14, 15, 16, 17, 18, 19, 20];
successor = [77, 12, 45, 84, 69, 80, 37, 28, 19, 3, 32, 46, 20, 33, 2, 18, 74, 15, 78, 11, 35, 5, 70, 71, 87, 76, 4, 21, 17, 6, 38, 75, 30, 25, 81, 10, 43, 34, 42, 24, 68, 23, 83, 79, 86, 72, 82, 41, 22, 39, 40, 16, 73, 29, 13, 26, 1, 9, 44, 14, 8, 47, 7, 27, 85, 36, 31, 49, 50, 51, 52, 53, 54, 55, 56, 57, 58, 59, 60, 61, 62, 63, 64, 65, 66, 67, 48];
predecessor = [57, 15, 10, 27, 22, 30, 63, 61, 58, 36, 20, 2, 55, 60, 18, 52, 29, 16, 9, 13, 28, 49, 42, 40, 34, 56, 64, 8, 54, 33, 67, 11, 14, 38, 21, 66, 7, 31, 50, 51, 48, 39, 37, 59, 3, 12, 62, 87, 68, 69, 70, 71, 72, 73, 74, 75, 76, 77, 78, 79, 80, 81, 82, 83, 84, 85, 86, 41, 5, 23, 24, 46, 53, 17, 32, 26, 1, 19, 44, 6, 35, 47, 43, 4, 65, 45, 25];
intload = [0, 46, 28, 16, 21, 41, 0, 0, 0, 10, 25, 54, 0, 0, 42, 0, 20, 25, 13, 9, 29, 0, 35, 15, 47, 0, 0, 20, 0, 28, 0, 32, 9, 25, 54, 0, 13, 10, 0, 0, 0, 13, 24, 0, 44, 60, 0, 0, 0, 0, 0, 0, 0, 0, 0, 0, 0, 0, 0, 0, 0, 0, 0, 0, 0, 0, 0, 8, 33, 49, 34, 79, 0, 25, 48, 6, 12, 16, 3, 46, 68, 21, 48, 21, 0, 69, 61];
----------
Time taken: 301.0 seconds

Running Instance: inst17
=====UNKNOWN=====
Time taken: 301.0 seconds

Running Instance: inst18
maximum distance among couriers = 717;
total distance of all couriers = 12917;
courier_assignment = [10, 5, 19, 17, 2, 13, 16, 14, 11, 19, 8, 5, 8, 13, 5, 5, 7, 5, 11, 8, 14, 2, 3, 4, 20, 9, 17, 14, 7, 13, 20, 8, 13, 20, 14, 19, 16, 20, 3, 4, 1, 3, 16, 12, 19, 5, 15, 20, 13, 4, 12, 15, 6, 6, 17, 10, 11, 5, 3, 19, 11, 18, 10, 12, 7, 10, 1, 20, 12, 11, 13, 16, 18, 2, 13, 12, 18, 18, 5, 3, 20, 6, 3, 20, 18, 15, 6, 16, 16, 16, 4, 5, 16, 12, 1, 16, 18, 17, 3, 8, 18, 20, 19, 7, 2, 7, 16, 11, 15, 1, 19, 6, 12, 7, 20, 16, 9, 15, 15, 10, 8, 4, 8, 15, 15, 5, 13, 17, 4, 13, 18, 13, 19, 9, 19, 18, 11, 3, 6, 1, 20, 5, 18, 8, 19, 11, 18, 7, 7, 17, 11, 16, 14, 9, 12, 16, 6, 20, 3, 15, 8, 5, 17, 4, 1, 9, 5, 10, 8, 18, 7, 8, 3, 6, 11, 10, 10, 14, 18, 17, 5, 16, 1, 18, 7, 20, 7, 14, 7, 18, 7, 1, 2, 3, 4, 5, 6, 7, 8, 9, 10, 11, 12, 13, 14, 15, 16, 17, 18, 19, 20, 1, 2, 3, 4, 5, 6, 7, 8, 9, 10, 11, 12, 13, 14, 15, 16, 17, 18, 19, 20];
successor = [120, 92, 36, 163, 213, 49, 107, 153, 146, 60, 172, 181, 123, 6, 18, 58, 29, 216, 57, 219, 28, 5, 159, 129, 158, 134, 128, 178, 148, 71, 231, 121, 30, 186, 21, 45, 89, 81, 80, 164, 212, 83, 90, 76, 103, 2, 124, 141, 75, 91, 44, 119, 87, 53, 27, 168, 151, 79, 42, 145, 9, 78, 66, 223, 218, 176, 110, 84, 51, 137, 224, 43, 97, 22, 33, 113, 190, 184, 142, 99, 25, 54, 23, 102, 77, 47, 157, 227, 152, 96, 40, 12, 182, 64, 165, 88, 229, 55, 214, 20, 170, 48, 230, 191, 74, 185, 72, 70, 160, 183, 3, 217, 155, 149, 34, 7, 166, 226, 86, 221, 161, 215, 11, 118, 109, 15, 132, 228, 50, 14, 73, 130, 111, 117, 10, 143, 19, 173, 112, 41, 115, 46, 101, 169, 133, 175, 85, 104, 171, 98, 61, 116, 225, 26, 94, 37, 174, 31, 39, 52, 144, 167, 150, 122, 140, 220, 16, 63, 100, 147, 187, 32, 59, 139, 222, 1, 56, 8, 136, 4, 126, 156, 95, 179, 17, 38, 189, 35, 65, 131, 114, 67, 105, 138, 24, 162, 82, 106, 13, 154, 177, 108, 69, 127, 188, 125, 93, 180, 62, 135, 68, 193, 194, 195, 196, 197, 198, 199, 200, 201, 202, 203, 204, 205, 206, 207, 208, 209, 210, 211, 192];
predecessor = [176, 46, 111, 180, 22, 14, 116, 178, 61, 135, 123, 92, 199, 130, 126, 167, 185, 15, 137, 100, 35, 74, 83, 195, 81, 154, 55, 21, 17, 33, 158, 172, 75, 115, 188, 3, 156, 186, 159, 91, 140, 59, 72, 51, 36, 142, 86, 102, 6, 129, 69, 160, 54, 82, 98, 177, 19, 16, 173, 10, 151, 209, 168, 94, 189, 63, 192, 211, 203, 108, 30, 107, 131, 105, 49, 44, 85, 62, 58, 39, 38, 197, 42, 68, 147, 119, 53, 96, 37, 43, 50, 2, 207, 155, 183, 90, 73, 150, 80, 169, 143, 84, 45, 148, 193, 198, 7, 202, 125, 67, 133, 139, 76, 191, 141, 152, 134, 124, 52, 1, 32, 164, 13, 47, 206, 181, 204, 27, 24, 132, 190, 127, 145, 26, 210, 179, 70, 194, 174, 165, 48, 79, 136, 161, 60, 9, 170, 29, 114, 163, 57, 89, 8, 200, 113, 182, 87, 25, 23, 109, 121, 196, 4, 40, 95, 117, 162, 56, 144, 101, 149, 11, 138, 157, 146, 66, 201, 28, 184, 208, 12, 93, 110, 78, 106, 34, 171, 205, 187, 77, 104, 231, 212, 213, 214, 215, 216, 217, 218, 219, 220, 221, 222, 223, 224, 225, 226, 227, 228, 229, 230, 41, 5, 99, 122, 18, 112, 65, 20, 166, 120, 175, 64, 71, 153, 118, 88, 128, 97, 103, 31];
intload = [93, 81, 83, 25, 24, 52, 87, 67, 104, 11, 24, 101, 0, 41, 127, 5, 38, 129, 41, 140, 38, 11, 47, 0, 112, 10, 76, 48, 40, 83, 146, 41, 71, 51, 25, 106, 13, 78, 83, 52, 98, 19, 123, 30, 130, 76, 70, 20, 54, 19, 6, 32, 14, 5, 75, 19, 50, 27, 17, 25, 83, 0, 59, 115, 156, 69, 0, 0, 0, 14, 103, 111, 152, 6, 63, 49, 116, 19, 45, 102, 95, 0, 41, 2, 92, 57, 30, 156, 35, 125, 27, 92, 0, 107, 48, 149, 157, 59, 120, 133, 59, 11, 133, 57, 0, 0, 88, 0, 2, 21, 77, 85, 64, 99, 37, 80, 39, 106, 47, 104, 60, 57, 10, 92, 0, 125, 0, 80, 9, 36, 143, 21, 58, 32, 0, 53, 16, 0, 70, 86, 26, 59, 55, 99, 50, 128, 80, 47, 106, 50, 67, 57, 92, 0, 86, 11, 35, 131, 72, 21, 82, 0, 41, 56, 73, 64, 3, 37, 123, 76, 118, 30, 14, 51, 148, 89, 0, 52, 32, 0, 121, 8, 42, 26, 17, 53, 127, 0, 137, 124, 77, 0, 0, 0, 0, 0, 0, 0, 0, 0, 0, 0, 0, 0, 0, 0, 0, 0, 0, 0, 0, 110, 40, 135, 60, 141, 86, 177, 161, 65, 127, 167, 117, 115, 107, 123, 160, 90, 181, 147, 163];
----------
Time taken: 301.0 seconds

Running Instance: inst19
maximum distance among couriers = 483;
total distance of all couriers = 6663;
courier_assignment = [10, 5, 19, 17, 2, 13, 16, 14, 11, 19, 8, 5, 8, 13, 5, 5, 7, 5, 11, 8, 14, 2, 3, 4, 20, 9, 17, 14, 7, 13, 20, 8, 13, 20, 14, 19, 16, 20, 3, 4, 1, 3, 16, 12, 19, 5, 15, 20, 13, 4, 12, 15, 6, 6, 17, 10, 11, 5, 3, 19, 11, 18, 10, 12, 7, 10, 1, 20, 12, 11, 13, 1, 2, 3, 4, 5, 6, 7, 8, 9, 10, 11, 12, 13, 14, 15, 16, 17, 18, 19, 20, 1, 2, 3, 4, 5, 6, 7, 8, 9, 10, 11, 12, 13, 14, 15, 16, 17, 18, 19, 20];
successor = [66, 96, 36, 55, 93, 104, 107, 28, 57, 3, 13, 58, 99, 71, 46, 15, 29, 2, 9, 11, 8, 5, 59, 40, 34, 100, 108, 35, 98, 14, 25, 20, 49, 111, 105, 110, 7, 31, 94, 50, 92, 23, 37, 51, 60, 12, 52, 38, 6, 95, 103, 106, 97, 53, 27, 63, 102, 18, 39, 10, 70, 109, 1, 69, 17, 101, 41, 48, 44, 19, 33, 67, 22, 42, 24, 16, 54, 65, 32, 26, 56, 61, 64, 30, 21, 47, 43, 4, 62, 45, 68, 73, 74, 75, 76, 77, 78, 79, 80, 81, 82, 83, 84, 85, 86, 87, 88, 89, 90, 91, 72];
predecessor = [63, 18, 10, 88, 22, 49, 37, 21, 19, 60, 20, 46, 11, 30, 16, 76, 65, 58, 70, 32, 85, 73, 42, 75, 31, 80, 55, 8, 17, 84, 38, 79, 71, 25, 28, 3, 43, 48, 59, 24, 67, 74, 87, 69, 90, 15, 86, 68, 33, 40, 44, 47, 54, 77, 4, 81, 9, 12, 23, 45, 82, 89, 56, 83, 78, 1, 72, 91, 64, 61, 14, 111, 92, 93, 94, 95, 96, 97, 98, 99, 100, 101, 102, 103, 104, 105, 106, 107, 108, 109, 110, 41, 5, 39, 50, 2, 53, 29, 13, 26, 66, 57, 51, 6, 35, 52, 7, 27, 62, 36, 34];
intload = [39, 93, 49, 0, 15, 60, 33, 6, 28, 37, 29, 38, 36, 17, 10, 0, 20, 86, 17, 25, 0, 0, 16, 0, 57, 0, 17, 29, 22, 0, 48, 0, 37, 67, 35, 68, 10, 25, 28, 8, 15, 0, 0, 33, 0, 35, 0, 4, 47, 9, 45, 22, 25, 0, 10, 0, 41, 63, 23, 12, 0, 0, 15, 0, 0, 59, 0, 0, 13, 9, 18, 0, 0, 0, 0, 0, 0, 0, 0, 0, 0, 0, 0, 0, 0, 0, 0, 0, 0, 0, 0, 38, 33, 39, 24, 99, 35, 44, 41, 9, 72, 43, 58, 61, 56, 42, 48, 21, 2, 78, 85];
----------
Time taken: 301.0 seconds

Running Instance: inst20
=====UNKNOWN=====
Time taken: 301.0 seconds

Running Instance: inst21
maximum distance among couriers = 711;
total distance of all couriers = 11885;
courier_assignment = [10, 5, 19, 17, 2, 13, 16, 14, 11, 19, 8, 5, 8, 13, 5, 5, 7, 5, 11, 8, 14, 2, 3, 4, 20, 9, 17, 14, 7, 13, 20, 8, 13, 20, 14, 19, 16, 20, 3, 4, 1, 3, 16, 12, 19, 5, 15, 20, 13, 4, 12, 15, 6, 6, 17, 10, 11, 5, 3, 19, 11, 18, 10, 12, 7, 10, 1, 20, 12, 11, 13, 16, 18, 2, 13, 12, 18, 18, 5, 3, 20, 6, 3, 20, 18, 15, 6, 16, 16, 16, 4, 5, 16, 12, 1, 16, 18, 17, 3, 8, 18, 20, 19, 7, 2, 7, 16, 11, 15, 1, 19, 6, 12, 7, 20, 16, 9, 15, 15, 10, 8, 4, 8, 15, 15, 5, 13, 17, 4, 13, 18, 13, 19, 9, 19, 18, 11, 3, 6, 1, 20, 5, 18, 1, 2, 3, 4, 5, 6, 7, 8, 9, 10, 11, 12, 13, 14, 15, 16, 17, 18, 19, 20, 1, 2, 3, 4, 5, 6, 7, 8, 9, 10, 11, 12, 13, 14, 15, 16, 17, 18, 19, 20];
successor = [120, 18, 60, 128, 105, 49, 89, 28, 174, 45, 13, 79, 20, 132, 142, 126, 29, 92, 108, 123, 177, 165, 59, 91, 34, 134, 55, 35, 65, 33, 84, 121, 75, 115, 21, 135, 93, 25, 83, 167, 140, 166, 179, 76, 133, 12, 109, 38, 130, 40, 44, 119, 82, 112, 180, 66, 19, 46, 80, 103, 57, 73, 56, 113, 106, 173, 95, 81, 175, 61, 176, 37, 78, 5, 6, 94, 97, 101, 2, 39, 102, 87, 99, 48, 181, 178, 139, 72, 96, 7, 122, 16, 116, 64, 41, 43, 136, 4, 138, 32, 85, 31, 182, 17, 22, 114, 88, 137, 86, 164, 36, 169, 69, 170, 141, 90, 172, 124, 118, 63, 11, 50, 171, 47, 52, 15, 14, 27, 24, 127, 77, 71, 111, 117, 3, 62, 9, 42, 54, 110, 183, 168, 131, 67, 74, 23, 129, 58, 53, 104, 100, 26, 1, 70, 51, 30, 8, 125, 107, 98, 143, 10, 68, 145, 146, 147, 148, 149, 150, 151, 152, 153, 154, 155, 156, 157, 158, 159, 160, 161, 162, 163, 144];
predecessor = [153, 79, 135, 98, 74, 75, 90, 157, 137, 162, 121, 46, 11, 127, 126, 92, 104, 2, 57, 13, 35, 105, 146, 129, 38, 152, 128, 8, 17, 156, 102, 100, 30, 25, 28, 111, 72, 48, 80, 50, 95, 138, 96, 51, 10, 58, 124, 84, 6, 122, 155, 125, 149, 139, 27, 63, 61, 148, 23, 3, 70, 136, 120, 94, 29, 56, 144, 163, 113, 154, 132, 88, 62, 145, 33, 44, 131, 73, 12, 59, 68, 53, 39, 31, 101, 109, 82, 107, 7, 116, 24, 18, 37, 76, 67, 89, 77, 160, 83, 151, 78, 81, 60, 150, 5, 65, 159, 19, 47, 140, 133, 54, 64, 106, 34, 93, 134, 119, 52, 1, 32, 91, 20, 118, 158, 16, 130, 4, 147, 49, 143, 14, 45, 26, 36, 97, 108, 99, 87, 41, 115, 15, 161, 183, 164, 165, 166, 167, 168, 169, 170, 171, 172, 173, 174, 175, 176, 177, 178, 179, 180, 181, 182, 110, 22, 42, 40, 142, 112, 114, 123, 117, 66, 9, 69, 71, 21, 86, 43, 55, 85, 103, 141];
intload = [0, 28, 61, 7, 17, 38, 94, 0, 71, 0, 31, 8, 36, 108, 91, 76, 24, 50, 32, 44, 26, 50, 0, 6, 114, 0, 47, 1, 34, 0, 44, 14, 3, 133, 7, 50, 44, 92, 49, 71, 10, 91, 128, 9, 19, 7, 85, 70, 44, 53, 0, 11, 0, 76, 72, 20, 21, 0, 12, 71, 3, 44, 14, 52, 55, 34, 0, 0, 80, 0, 126, 39, 49, 0, 24, 29, 16, 50, 17, 33, 7, 17, 66, 63, 77, 105, 37, 25, 116, 79, 23, 72, 54, 33, 5, 118, 26, 0, 69, 0, 75, 32, 74, 0, 42, 68, 0, 49, 96, 19, 35, 80, 74, 72, 150, 76, 42, 50, 34, 9, 30, 45, 54, 68, 0, 83, 93, 31, 0, 69, 6, 122, 25, 25, 56, 30, 55, 80, 51, 15, 162, 95, 0, 0, 0, 0, 0, 0, 0, 0, 0, 0, 0, 0, 0, 0, 0, 0, 0, 0, 0, 0, 0, 42, 64, 92, 87, 114, 87, 77, 74, 64, 51, 90, 81, 136, 34, 111, 149, 73, 79, 86, 174];
----------
Time taken: 301.0 seconds

