Solver: gecode
Model: CP_B_SB

Running Instance: inst01
maximum distance among couriers = 14;
total distance of all couriers = 27;
courier_assignment = [1, 2, 1, 1, 2, 2, 1, 2, 1, 2];
successor = [3, 5, 4, 9, 6, 10, 1, 2, 8, 7];
predecessor = [7, 8, 1, 3, 2, 5, 10, 9, 4, 6];
intload = [0, 0, 3, 9, 2, 6, 0, 0, 14, 10];
----------
Time taken: 150.0 seconds

Running Instance: inst02
maximum distance among couriers = 226;
total distance of all couriers = 1173;
courier_assignment = [6, 3, 3, 5, 4, 2, 1, 2, 1, 1, 2, 3, 4, 5, 6, 1, 2, 3, 4, 5, 6];
successor = [21, 3, 18, 20, 19, 17, 9, 6, 16, 7, 8, 2, 5, 4, 1, 11, 12, 13, 14, 15, 10];
predecessor = [15, 12, 2, 14, 13, 8, 10, 11, 7, 21, 16, 17, 18, 19, 20, 9, 6, 3, 5, 4, 1];
intload = [0, 0, 11, 0, 0, 14, 0, 0, 24, 0, 0, 0, 0, 0, 0, 44, 15, 34, 2, 16, 11];
----------
Time taken: 151.0 seconds

Running Instance: inst03
maximum distance among couriers = 12;
total distance of all couriers = 34;
courier_assignment = [3, 2, 1, 2, 1, 1, 3, 1, 2, 3, 1, 2, 3];
successor = [7, 4, 6, 12, 11, 5, 13, 3, 2, 1, 9, 10, 8];
predecessor = [10, 9, 8, 2, 6, 3, 1, 13, 11, 12, 5, 4, 7];
intload = [0, 0, 0, 2, 10, 6, 3, 0, 0, 0, 15, 10, 7];
----------
Time taken: 150.0 seconds

Running Instance: inst04
maximum distance among couriers = 220;
total distance of all couriers = 923;
courier_assignment = [5, 7, 5, 8, 3, 2, 4, 6, 6, 6, 1, 2, 3, 4, 5, 6, 7, 8, 1, 2, 3, 4, 5, 6, 7, 8];
successor = [3, 25, 23, 26, 21, 20, 22, 9, 24, 8, 19, 6, 5, 7, 1, 10, 2, 4, 12, 13, 14, 15, 16, 17, 18, 11];
predecessor = [15, 17, 1, 18, 13, 12, 14, 10, 8, 16, 26, 19, 20, 21, 22, 23, 24, 25, 11, 6, 5, 7, 3, 9, 2, 4];
intload = [0, 0, 10, 0, 0, 0, 0, 19, 38, 0, 0, 0, 0, 0, 0, 0, 0, 0, 0, 16, 14, 24, 28, 61, 25, 16];
----------
Time taken: 150.0 seconds

Running Instance: inst05
maximum distance among couriers = 206;
total distance of all couriers = 366;
courier_assignment = [2, 1, 2, 1, 2, 1, 2];
successor = [3, 6, 7, 2, 1, 5, 4];
predecessor = [5, 4, 1, 7, 6, 2, 3];
intload = [0, 0, 20, 0, 0, 17, 26];
----------
Time taken: 150.0 seconds

Running Instance: inst06
maximum distance among couriers = 322;
total distance of all couriers = 1160;
courier_assignment = [6, 5, 5, 5, 4, 5, 6, 3, 1, 2, 3, 4, 5, 6, 1, 2, 3, 4, 5, 6];
successor = [7, 4, 2, 19, 18, 3, 20, 17, 15, 16, 8, 5, 6, 1, 10, 11, 12, 13, 14, 9];
predecessor = [14, 3, 6, 2, 12, 13, 1, 11, 20, 15, 16, 17, 18, 19, 9, 10, 8, 5, 4, 7];
intload = [0, 35, 14, 60, 0, 0, 16, 0, 0, 0, 0, 0, 0, 0, 0, 0, 20, 19, 74, 22];
----------
Time taken: 150.0 seconds

Running Instance: inst07
maximum distance among couriers = 167;
total distance of all couriers = 912;
courier_assignment = [5, 6, 3, 5, 4, 3, 3, 3, 1, 2, 1, 1, 1, 1, 2, 2, 6, 1, 2, 3, 4, 5, 6, 1, 2, 3, 4, 5, 6];
successor = [4, 29, 8, 28, 27, 26, 3, 6, 14, 25, 24, 11, 12, 13, 16, 10, 2, 9, 15, 7, 5, 1, 17, 19, 20, 21, 22, 23, 18];
predecessor = [22, 17, 7, 1, 21, 8, 20, 3, 18, 16, 12, 13, 14, 9, 19, 15, 23, 29, 24, 25, 26, 27, 28, 11, 10, 6, 5, 4, 2];
intload = [0, 10, 24, 11, 0, 61, 0, 47, 0, 30, 56, 34, 32, 20, 0, 9, 0, 0, 0, 0, 0, 0, 0, 67, 40, 62, 2, 27, 21];
----------
Time taken: 150.0 seconds

Running Instance: inst08
maximum distance among couriers = 186;
total distance of all couriers = 945;
courier_assignment = [8, 7, 6, 7, 6, 4, 5, 5, 2, 4, 1, 2, 3, 4, 5, 6, 7, 8, 1, 2, 3, 4, 5, 6, 7, 8];
successor = [26, 4, 5, 25, 24, 22, 23, 7, 20, 6, 19, 9, 21, 10, 8, 3, 2, 1, 12, 13, 14, 15, 16, 17, 18, 11];
predecessor = [18, 17, 16, 2, 3, 10, 8, 15, 12, 14, 26, 19, 20, 21, 22, 23, 24, 25, 11, 9, 13, 6, 7, 5, 4, 1];
intload = [0, 0, 0, 25, 18, 19, 16, 0, 0, 0, 0, 0, 0, 0, 0, 0, 0, 0, 0, 24, 0, 26, 25, 32, 41, 10];
----------
Time taken: 151.0 seconds

Running Instance: inst09
maximum distance among couriers = 436;
total distance of all couriers = 2045;
courier_assignment = [10, 9, 10, 8, 7, 6, 10, 4, 3, 9, 7, 3, 5, 1, 2, 3, 4, 5, 6, 7, 8, 9, 10, 1, 2, 3, 4, 5, 6, 7, 8, 9, 10];
successor = [3, 32, 7, 31, 11, 29, 33, 27, 26, 2, 30, 9, 28, 24, 25, 12, 8, 13, 6, 5, 4, 10, 1, 15, 16, 17, 18, 19, 20, 21, 22, 23, 14];
predecessor = [23, 10, 1, 21, 20, 19, 3, 17, 12, 22, 5, 16, 18, 33, 24, 25, 26, 27, 28, 29, 30, 31, 32, 14, 15, 9, 8, 13, 6, 11, 4, 2, 7];
intload = [0, 21, 4, 0, 0, 0, 7, 0, 3, 0, 13, 0, 0, 0, 0, 0, 0, 0, 0, 0, 0, 0, 0, 0, 0, 28, 4, 9, 20, 20, 15, 33, 28];
----------
Time taken: 150.0 seconds

Running Instance: inst10
maximum distance among couriers = 244;
total distance of all couriers = 1477;
courier_assignment = [10, 9, 1, 7, 8, 1, 6, 10, 4, 5, 7, 3, 6, 1, 2, 3, 4, 5, 6, 7, 8, 9, 10, 1, 2, 3, 4, 5, 6, 7, 8, 9, 10];
successor = [8, 32, 24, 11, 31, 3, 29, 33, 27, 28, 30, 26, 7, 6, 25, 12, 9, 10, 13, 4, 5, 2, 1, 15, 16, 17, 18, 19, 20, 21, 22, 23, 14];
predecessor = [23, 22, 6, 20, 21, 14, 13, 1, 17, 18, 4, 16, 19, 33, 24, 25, 26, 27, 28, 29, 30, 31, 32, 3, 15, 12, 9, 10, 7, 11, 5, 2, 8];
intload = [0, 0, 12, 0, 0, 0, 6, 22, 0, 0, 8, 0, 0, 0, 0, 0, 0, 0, 0, 0, 0, 0, 0, 22, 0, 21, 25, 25, 23, 14, 14, 17, 41];
----------
Time taken: 150.0 seconds

Running Instance: inst11
maximum distance among couriers = 934;
total distance of all couriers = 13258;
courier_assignment = [20, 12, 17, 13, 19, 13, 13, 16, 15, 18, 10, 13, 14, 9, 14, 7, 15, 15, 4, 18, 3, 3, 7, 13, 16, 17, 14, 14, 12, 3, 11, 17, 14, 12, 6, 3, 9, 13, 13, 16, 1, 16, 19, 9, 8, 19, 3, 7, 4, 2, 10, 18, 3, 5, 10, 6, 18, 3, 5, 5, 6, 7, 4, 12, 1, 9, 20, 15, 20, 8, 3, 14, 3, 8, 20, 16, 5, 4, 14, 5, 1, 11, 14, 5, 20, 13, 20, 7, 6, 11, 13, 3, 19, 17, 9, 16, 20, 4, 14, 5, 18, 4, 19, 14, 20, 9, 6, 11, 7, 4, 6, 18, 11, 16, 6, 10, 3, 5, 19, 14, 16, 15, 1, 7, 1, 6, 20, 12, 19, 5, 8, 17, 5, 19, 7, 7, 14, 18, 3, 18, 17, 12, 1, 1, 2, 3, 4, 5, 6, 7, 8, 9, 10, 11, 12, 13, 14, 15, 16, 17, 18, 19, 20, 1, 2, 3, 4, 5, 6, 7, 8, 9, 10, 11, 12, 13, 14, 15, 16, 17, 18, 19, 20];
successor = [67, 175, 32, 38, 129, 4, 24, 114, 68, 52, 173, 86, 15, 37, 33, 48, 18, 178, 167, 138, 139, 92, 62, 12, 121, 132, 137, 72, 64, 58, 174, 180, 99, 128, 115, 117, 106, 7, 91, 8, 123, 76, 182, 95, 131, 103, 36, 23, 102, 165, 55, 101, 22, 168, 116, 61, 10, 53, 80, 118, 35, 124, 110, 142, 125, 172, 97, 17, 105, 74, 73, 27, 47, 171, 87, 96, 54, 98, 83, 130, 143, 31, 177, 100, 75, 176, 183, 170, 126, 113, 6, 166, 46, 26, 14, 25, 69, 49, 104, 60, 140, 19, 43, 28, 85, 66, 56, 90, 136, 78, 169, 181, 82, 179, 89, 11, 21, 133, 134, 13, 40, 9, 65, 135, 81, 111, 1, 2, 119, 84, 70, 3, 77, 93, 88, 16, 79, 57, 30, 112, 94, 34, 164, 41, 50, 71, 63, 59, 107, 109, 45, 44, 51, 108, 29, 39, 120, 122, 42, 141, 20, 5, 127, 145, 146, 147, 148, 149, 150, 151, 152, 153, 154, 155, 156, 157, 158, 159, 160, 161, 162, 163, 144];
predecessor = [127, 128, 132, 6, 162, 91, 38, 40, 122, 57, 116, 24, 120, 95, 13, 136, 68, 17, 102, 161, 117, 53, 48, 7, 96, 94, 72, 104, 155, 139, 82, 3, 15, 142, 61, 47, 14, 4, 156, 121, 144, 159, 103, 152, 151, 93, 73, 16, 98, 145, 153, 10, 58, 77, 51, 107, 138, 30, 148, 100, 56, 23, 147, 29, 123, 106, 1, 9, 97, 131, 146, 28, 71, 70, 85, 42, 133, 110, 137, 59, 125, 113, 79, 130, 105, 12, 75, 135, 115, 108, 39, 22, 134, 141, 44, 76, 67, 78, 33, 84, 52, 49, 46, 99, 69, 37, 149, 154, 150, 63, 126, 140, 90, 8, 35, 55, 36, 60, 129, 157, 25, 158, 41, 62, 65, 89, 163, 34, 5, 80, 45, 26, 118, 119, 124, 109, 27, 20, 21, 101, 160, 64, 81, 183, 164, 165, 166, 167, 168, 169, 170, 171, 172, 173, 174, 175, 176, 177, 178, 179, 180, 181, 182, 143, 50, 92, 19, 54, 111, 88, 74, 66, 11, 31, 2, 86, 83, 18, 114, 32, 112, 43, 87];
intload = [18, 59, 46, 40, 0, 21, 51, 42, 6, 56, 69, 89, 8, 18, 20, 48, 43, 63, 91, 0, 77, 139, 81, 64, 25, 26, 98, 64, 0, 97, 52, 54, 22, 25, 59, 44, 39, 46, 0, 38, 0, 0, 73, 0, 0, 65, 32, 58, 66, 0, 0, 69, 136, 153, 24, 16, 41, 118, 0, 70, 41, 98, 0, 2, 41, 83, 38, 21, 62, 28, 0, 86, 19, 52, 94, 3, 128, 35, 118, 8, 79, 43, 120, 31, 79, 93, 106, 129, 77, 21, 17, 153, 42, 22, 14, 16, 53, 47, 46, 45, 72, 78, 70, 58, 68, 59, 0, 0, 0, 25, 104, 95, 29, 66, 61, 46, 64, 90, 16, 0, 26, 0, 21, 103, 55, 94, 0, 49, 1, 19, 6, 35, 114, 33, 123, 25, 110, 19, 90, 80, 0, 18, 89, 0, 0, 0, 0, 0, 0, 0, 0, 0, 0, 0, 0, 0, 0, 0, 0, 0, 0, 0, 0, 103, 18, 170, 115, 178, 106, 143, 62, 84, 79, 60, 69, 99, 141, 72, 85, 73, 108, 89, 131];
----------
Time taken: 151.0 seconds

Running Instance: inst12
maximum distance among couriers = 555;
total distance of all couriers = 6886;
courier_assignment = [7, 7, 7, 18, 19, 7, 19, 3, 18, 15, 19, 7, 13, 9, 20, 13, 11, 18, 16, 17, 12, 3, 15, 20, 13, 13, 15, 8, 18, 12, 11, 11, 8, 17, 3, 9, 12, 14, 16, 14, 14, 13, 11, 16, 11, 9, 6, 6, 20, 9, 15, 6, 20, 9, 12, 6, 19, 12, 12, 16, 14, 14, 8, 14, 18, 12, 17, 2, 13, 11, 12, 19, 6, 6, 12, 7, 18, 15, 19, 20, 19, 17, 4, 8, 15, 12, 14, 17, 4, 6, 18, 3, 3, 10, 5, 1, 2, 3, 4, 5, 6, 7, 8, 9, 10, 11, 12, 13, 14, 15, 16, 17, 18, 19, 20, 1, 2, 3, 4, 5, 6, 7, 8, 9, 10, 11, 12, 13, 14, 15, 16, 17, 18, 19, 20];
successor = [12, 122, 2, 9, 134, 76, 5, 93, 65, 27, 79, 6, 69, 36, 24, 13, 126, 29, 131, 88, 75, 92, 85, 80, 42, 25, 23, 63, 4, 21, 32, 45, 28, 82, 8, 46, 59, 87, 44, 62, 129, 128, 17, 60, 43, 50, 74, 121, 15, 124, 130, 90, 135, 14, 58, 73, 7, 66, 127, 19, 40, 38, 84, 41, 91, 71, 20, 117, 26, 31, 30, 57, 47, 52, 86, 3, 18, 10, 72, 53, 11, 132, 89, 123, 51, 37, 64, 34, 119, 48, 133, 35, 118, 125, 120, 116, 68, 22, 83, 95, 56, 1, 33, 54, 94, 70, 55, 16, 61, 78, 39, 67, 77, 81, 49, 97, 98, 99, 100, 101, 102, 103, 104, 105, 106, 107, 108, 109, 110, 111, 112, 113, 114, 115, 96];
predecessor = [102, 3, 76, 29, 7, 12, 57, 35, 4, 78, 81, 1, 16, 54, 49, 108, 43, 77, 60, 67, 30, 98, 27, 15, 26, 69, 10, 33, 18, 71, 70, 31, 103, 88, 92, 14, 86, 62, 111, 61, 64, 25, 45, 39, 32, 36, 73, 90, 115, 46, 85, 74, 80, 104, 107, 101, 72, 55, 37, 44, 109, 40, 28, 87, 9, 58, 112, 97, 13, 106, 66, 79, 56, 47, 21, 6, 113, 110, 11, 24, 114, 34, 99, 63, 23, 75, 38, 20, 83, 52, 65, 22, 8, 105, 100, 135, 116, 117, 118, 119, 120, 121, 122, 123, 124, 125, 126, 127, 128, 129, 130, 131, 132, 133, 134, 96, 68, 93, 89, 95, 48, 2, 84, 50, 94, 17, 59, 42, 41, 51, 19, 82, 91, 5, 53];
intload = [0, 35, 32, 21, 89, 7, 68, 67, 36, 12, 13, 4, 21, 20, 22, 0, 77, 4, 40, 1, 49, 0, 42, 42, 62, 50, 33, 14, 6, 45, 10, 34, 0, 37, 47, 25, 94, 26, 0, 16, 86, 81, 73, 7, 56, 30, 7, 51, 0, 43, 73, 21, 78, 0, 0, 0, 55, 3, 105, 30, 0, 17, 17, 63, 61, 21, 0, 0, 30, 0, 26, 31, 4, 16, 73, 27, 0, 0, 20, 58, 0, 48, 0, 30, 50, 86, 38, 19, 3, 46, 75, 24, 71, 0, 0, 0, 0, 0, 0, 0, 0, 0, 0, 0, 0, 0, 0, 0, 0, 0, 0, 0, 0, 0, 0, 0, 6, 90, 7, 21, 61, 47, 32, 64, 2, 96, 106, 94, 109, 86, 56, 49, 96, 102, 86];
----------
Time taken: 150.0 seconds

Running Instance: inst13
maximum distance among couriers = 486;
total distance of all couriers = 1448;
courier_assignment = [3, 2, 1, 1, 1, 1, 3, 1, 3, 1, 1, 2, 1, 3, 2, 1, 2, 2, 3, 1, 2, 1, 3, 3, 3, 2, 1, 3, 1, 3, 2, 3, 1, 1, 3, 2, 1, 2, 3, 2, 1, 2, 3, 3, 1, 2, 2, 1, 2, 3, 1, 2, 3];
successor = [14, 52, 27, 20, 29, 3, 19, 5, 53, 45, 6, 42, 8, 28, 2, 51, 40, 17, 1, 33, 47, 41, 25, 43, 30, 18, 22, 23, 16, 24, 36, 35, 13, 10, 44, 26, 34, 12, 9, 38, 4, 46, 39, 7, 11, 21, 15, 37, 31, 32, 49, 50, 48];
predecessor = [19, 15, 6, 41, 8, 11, 44, 13, 39, 34, 45, 38, 33, 1, 47, 29, 18, 26, 7, 4, 46, 27, 28, 30, 23, 36, 3, 14, 5, 25, 49, 50, 20, 37, 32, 31, 48, 40, 43, 17, 22, 12, 24, 35, 10, 42, 21, 53, 51, 52, 16, 2, 9];
intload = [49, 175, 88, 149, 218, 83, 33, 198, 176, 33, 76, 78, 189, 61, 171, 250, 43, 26, 46, 154, 125, 120, 79, 120, 93, 20, 104, 70, 230, 107, 0, 0, 170, 11, 16, 10, 0, 63, 163, 48, 141, 84, 139, 30, 51, 106, 150, 0, 0, 0, 275, 183, 189];
----------
Time taken: 151.0 seconds

Running Instance: inst14
=====UNKNOWN=====
Time taken: 151.0 seconds

Running Instance: inst15
=====UNKNOWN=====
Time taken: 151.0 seconds

Running Instance: inst16
maximum distance among couriers = 286;
total distance of all couriers = 3975;
courier_assignment = [18, 15, 19, 16, 16, 6, 6, 20, 12, 18, 7, 17, 13, 7, 9, 3, 3, 11, 7, 15, 17, 14, 14, 19, 20, 16, 10, 17, 3, 11, 9, 8, 12, 7, 10, 1, 10, 9, 10, 14, 18, 17, 10, 11, 18, 8, 5, 1, 2, 3, 4, 5, 6, 7, 8, 9, 10, 11, 12, 13, 14, 15, 16, 17, 18, 19, 20, 1, 2, 3, 4, 5, 6, 7, 8, 9, 10, 11, 12, 13, 14, 15, 16, 17, 18, 19, 20];
successor = [41, 82, 86, 83, 4, 73, 6, 25, 33, 45, 34, 28, 80, 19, 38, 70, 29, 78, 11, 2, 12, 40, 81, 3, 87, 5, 77, 84, 16, 44, 15, 46, 79, 74, 27, 68, 35, 76, 37, 23, 10, 21, 39, 18, 85, 75, 72, 36, 69, 17, 71, 47, 7, 14, 32, 31, 43, 30, 9, 13, 22, 20, 26, 42, 1, 24, 8, 49, 50, 51, 52, 53, 54, 55, 56, 57, 58, 59, 60, 61, 62, 63, 64, 65, 66, 67, 48];
predecessor = [65, 20, 24, 5, 26, 7, 53, 67, 59, 41, 19, 21, 60, 54, 31, 29, 50, 44, 14, 62, 42, 61, 40, 66, 8, 63, 35, 12, 17, 58, 56, 55, 9, 11, 37, 48, 39, 15, 43, 22, 1, 64, 57, 30, 10, 32, 52, 87, 68, 69, 70, 71, 72, 73, 74, 75, 76, 77, 78, 79, 80, 81, 82, 83, 84, 85, 86, 36, 49, 16, 51, 47, 6, 34, 46, 38, 27, 18, 33, 13, 23, 2, 4, 28, 45, 3, 25];
intload = [0, 16, 19, 18, 6, 13, 0, 0, 0, 20, 12, 47, 0, 0, 10, 25, 0, 16, 9, 0, 22, 0, 36, 0, 20, 0, 62, 53, 5, 0, 0, 0, 13, 19, 48, 0, 37, 14, 24, 21, 12, 0, 0, 13, 38, 16, 0, 0, 0, 0, 0, 0, 0, 0, 0, 0, 0, 0, 0, 0, 0, 0, 0, 0, 0, 0, 0, 10, 0, 50, 0, 21, 18, 41, 35, 29, 78, 33, 32, 9, 50, 24, 23, 62, 63, 35, 34];
----------
Time taken: 151.0 seconds

Running Instance: inst17
=====UNKNOWN=====
Time taken: 151.0 seconds

Running Instance: inst18
=====UNKNOWN=====
Time taken: 151.0 seconds

Running Instance: inst19
maximum distance among couriers = 334;
total distance of all couriers = 5729;
courier_assignment = [15, 11, 18, 14, 20, 6, 18, 18, 19, 19, 11, 14, 10, 3, 17, 17, 13, 11, 20, 20, 9, 10, 14, 10, 16, 15, 3, 10, 17, 9, 3, 19, 12, 20, 13, 19, 14, 11, 11, 6, 3, 12, 6, 16, 7, 9, 4, 17, 12, 8, 5, 13, 10, 10, 4, 16, 7, 18, 12, 8, 16, 4, 5, 9, 1, 14, 1, 8, 17, 12, 1, 1, 2, 3, 4, 5, 6, 7, 8, 9, 10, 11, 12, 13, 14, 15, 16, 17, 18, 19, 20, 1, 2, 3, 4, 5, 6, 7, 8, 9, 10, 11, 12, 13, 14, 15, 16, 17, 18, 19, 20];
successor = [26, 11, 58, 66, 111, 43, 109, 3, 10, 110, 18, 4, 101, 31, 69, 108, 52, 102, 20, 34, 46, 54, 12, 53, 56, 106, 94, 13, 16, 100, 27, 36, 70, 5, 17, 9, 23, 39, 2, 97, 14, 33, 40, 25, 57, 64, 62, 15, 42, 99, 63, 104, 28, 24, 95, 107, 98, 7, 49, 68, 44, 55, 96, 30, 71, 105, 65, 50, 29, 103, 92, 67, 93, 41, 47, 51, 6, 45, 60, 21, 22, 38, 59, 35, 37, 1, 61, 48, 8, 32, 19, 73, 74, 75, 76, 77, 78, 79, 80, 81, 82, 83, 84, 85, 86, 87, 88, 89, 90, 91, 72];
predecessor = [86, 39, 8, 12, 34, 77, 58, 89, 36, 9, 2, 23, 28, 41, 48, 29, 35, 11, 91, 19, 80, 81, 37, 54, 44, 1, 31, 53, 69, 64, 14, 90, 42, 20, 84, 32, 85, 82, 38, 43, 74, 49, 6, 61, 78, 21, 75, 88, 59, 68, 76, 17, 24, 22, 62, 25, 45, 3, 83, 79, 87, 47, 51, 46, 67, 4, 72, 60, 15, 33, 65, 111, 92, 93, 94, 95, 96, 97, 98, 99, 100, 101, 102, 103, 104, 105, 106, 107, 108, 109, 110, 71, 73, 27, 55, 63, 40, 57, 50, 30, 13, 18, 70, 52, 66, 26, 56, 16, 7, 10, 5];
intload = [0, 34, 23, 55, 33, 0, 65, 0, 35, 48, 40, 30, 64, 23, 21, 88, 21, 47, 0, 11, 0, 0, 23, 40, 21, 20, 33, 58, 66, 22, 24, 0, 34, 15, 0, 25, 0, 0, 23, 11, 0, 18, 1, 9, 0, 6, 0, 0, 5, 29, 0, 23, 48, 15, 24, 31, 12, 42, 0, 0, 0, 22, 13, 9, 15, 65, 0, 25, 46, 44, 35, 0, 0, 0, 0, 0, 0, 0, 0, 0, 0, 0, 0, 0, 0, 0, 0, 0, 0, 0, 0, 54, 0, 37, 31, 37, 12, 14, 44, 39, 69, 54, 52, 43, 78, 29, 46, 98, 80, 60, 51];
----------
Time taken: 151.0 seconds

Running Instance: inst20
=====UNKNOWN=====
Time taken: 151.0 seconds

Running Instance: inst21
maximum distance among couriers = 1164;
total distance of all couriers = 14864;
courier_assignment = [19, 19, 15, 16, 14, 11, 13, 8, 15, 9, 14, 14, 4, 4, 11, 4, 20, 8, 1, 15, 11, 18, 13, 7, 8, 7, 16, 8, 5, 20, 4, 16, 20, 13, 15, 20, 1, 4, 16, 8, 20, 13, 13, 19, 13, 14, 16, 13, 1, 20, 7, 12, 14, 1, 16, 18, 19, 12, 18, 18, 11, 11, 11, 4, 11, 14, 15, 20, 20, 16, 4, 13, 7, 12, 1, 5, 18, 15, 11, 8, 14, 5, 3, 1, 8, 16, 11, 1, 14, 3, 15, 5, 8, 16, 9, 16, 1, 10, 11, 4, 8, 16, 13, 5, 15, 17, 4, 13, 18, 19, 3, 9, 3, 18, 14, 8, 9, 11, 5, 7, 18, 8, 1, 11, 18, 7, 7, 19, 14, 7, 14, 1, 12, 7, 6, 15, 14, 13, 5, 13, 17, 4, 20, 1, 2, 3, 4, 5, 6, 7, 8, 9, 10, 11, 12, 13, 14, 15, 16, 17, 18, 19, 20, 1, 2, 3, 4, 5, 6, 7, 8, 9, 10, 11, 12, 13, 14, 15, 16, 17, 18, 19, 20];
successor = [2, 128, 20, 39, 177, 63, 138, 101, 178, 95, 115, 81, 167, 38, 21, 31, 68, 25, 49, 78, 118, 121, 48, 51, 8, 134, 32, 18, 168, 143, 100, 47, 41, 72, 9, 183, 164, 16, 96, 122, 30, 45, 176, 1, 7, 11, 70, 108, 123, 36, 126, 58, 129, 37, 86, 60, 44, 133, 77, 181, 79, 99, 65, 14, 15, 137, 136, 69, 33, 4, 107, 43, 24, 52, 84, 119, 109, 105, 87, 171, 66, 104, 111, 19, 116, 102, 6, 97, 53, 166, 35, 76, 28, 27, 112, 55, 54, 173, 61, 71, 80, 179, 140, 29, 91, 141, 13, 42, 56, 57, 90, 117, 83, 59, 5, 93, 172, 174, 82, 73, 114, 85, 132, 62, 22, 127, 170, 182, 46, 120, 12, 88, 175, 130, 169, 3, 89, 103, 92, 34, 180, 64, 50, 75, 165, 113, 142, 139, 135, 26, 40, 10, 98, 124, 74, 23, 131, 67, 94, 106, 125, 110, 17, 145, 146, 147, 148, 149, 150, 151, 152, 153, 154, 155, 156, 157, 158, 159, 160, 161, 162, 163, 144];
predecessor = [44, 1, 136, 70, 115, 87, 45, 25, 35, 152, 46, 131, 107, 64, 65, 38, 163, 28, 84, 3, 15, 125, 156, 73, 18, 150, 94, 93, 104, 41, 16, 27, 69, 140, 91, 50, 54, 14, 4, 151, 33, 108, 72, 57, 42, 129, 32, 23, 19, 143, 24, 74, 89, 97, 96, 109, 110, 52, 114, 56, 99, 124, 6, 142, 63, 81, 158, 17, 68, 47, 100, 34, 120, 155, 144, 92, 59, 20, 61, 101, 12, 119, 113, 75, 122, 55, 79, 132, 137, 111, 105, 139, 116, 159, 10, 39, 88, 153, 62, 31, 8, 86, 138, 82, 78, 160, 71, 48, 77, 162, 83, 95, 146, 121, 11, 85, 112, 21, 76, 130, 22, 40, 49, 154, 161, 51, 126, 2, 53, 134, 157, 123, 58, 26, 149, 67, 66, 7, 148, 103, 106, 147, 30, 183, 164, 165, 166, 167, 168, 169, 170, 171, 172, 173, 174, 175, 176, 177, 178, 179, 180, 181, 182, 37, 145, 90, 13, 29, 135, 127, 80, 117, 98, 118, 133, 43, 5, 9, 102, 141, 60, 128, 36];
intload = [54, 63, 19, 74, 120, 76, 47, 98, 113, 0, 103, 10, 152, 41, 101, 77, 0, 57, 21, 29, 105, 11, 0, 72, 79, 0, 19, 51, 93, 44, 84, 44, 18, 96, 94, 71, 109, 55, 98, 0, 39, 40, 118, 34, 41, 102, 60, 12, 38, 53, 89, 17, 79, 105, 125, 71, 23, 40, 31, 85, 33, 17, 82, 19, 88, 44, 0, 10, 17, 71, 117, 113, 71, 0, 0, 29, 52, 39, 51, 101, 19, 49, 6, 14, 24, 126, 62, 87, 77, 24, 72, 25, 29, 0, 19, 115, 101, 0, 22, 103, 99, 132, 80, 69, 64, 0, 127, 34, 62, 0, 9, 24, 0, 26, 108, 26, 31, 113, 33, 66, 25, 16, 63, 0, 0, 98, 106, 85, 96, 42, 0, 83, 47, 25, 0, 5, 61, 69, 0, 92, 4, 0, 47, 0, 0, 0, 0, 0, 0, 0, 0, 0, 0, 0, 0, 0, 0, 0, 0, 0, 0, 0, 0, 119, 0, 39, 160, 114, 5, 121, 117, 53, 7, 131, 57, 139, 145, 132, 144, 16, 88, 101, 77];
----------
Time taken: 151.0 seconds

