Solver: chuffed
Model: CP_B_Chuffed

Running Instance: inst11
=====UNKNOWN=====
Time taken: 301.0 seconds

Running Instance: inst12
=====UNKNOWN=====
Time taken: 301.0 seconds

Running Instance: inst13
maximum distance among couriers = 1606;
total distance of all couriers = 3718;
courier_assignment = [3, 2, 1, 1, 3, 2, 3, 3, 2, 1, 3, 1, 1, 3, 1, 1, 3, 1, 3, 1, 2, 1, 1, 1, 1, 1, 3, 1, 3, 1, 1, 2, 3, 3, 1, 2, 3, 3, 3, 2, 1, 1, 2, 1, 2, 2, 1, 1, 2, 3, 1, 2, 3];
successor = [19, 46, 15, 16, 39, 40, 38, 5, 43, 25, 14, 23, 35, 17, 18, 24, 37, 28, 33, 31, 36, 10, 41, 3, 26, 20, 11, 22, 34, 13, 42, 6, 29, 7, 51, 32, 1, 53, 27, 45, 44, 12, 2, 30, 52, 21, 4, 47, 9, 8, 49, 50, 48];
predecessor = [37, 43, 24, 47, 8, 32, 34, 50, 49, 22, 27, 42, 30, 11, 3, 4, 14, 15, 1, 26, 46, 28, 12, 16, 10, 25, 39, 18, 33, 44, 20, 36, 19, 29, 13, 21, 17, 7, 5, 6, 23, 31, 9, 41, 40, 2, 48, 53, 51, 52, 35, 45, 38];
intload = [93, 37, 70, 21, 20, 115, 169, 0, 0, 137, 61, 223, 267, 68, 86, 26, 77, 90, 105, 175, 64, 116, 229, 51, 155, 169, 45, 107, 127, 254, 191, 99, 108, 147, 276, 89, 82, 182, 32, 120, 243, 201, 13, 251, 135, 45, 0, 0, 0, 0, 290, 160, 197];
----------
% Time limit exceeded!
Time taken: 300.0 seconds

Running Instance: inst14
=====UNKNOWN=====
Time taken: 302.0 seconds

Running Instance: inst15
=====UNKNOWN=====
Time taken: 301.0 seconds

Running Instance: inst16
maximum distance among couriers = 695;
total distance of all couriers = 4620;
courier_assignment = [12, 15, 12, 13, 6, 13, 15, 19, 16, 16, 8, 13, 17, 19, 4, 20, 7, 18, 9, 5, 17, 13, 19, 9, 13, 14, 13, 17, 9, 12, 12, 20, 1, 16, 17, 13, 3, 11, 19, 20, 2, 10, 17, 17, 17, 12, 12, 1, 2, 3, 4, 5, 6, 7, 8, 9, 10, 11, 12, 13, 14, 15, 16, 17, 18, 19, 20, 1, 2, 3, 4, 5, 6, 7, 8, 9, 10, 11, 12, 13, 14, 15, 16, 17, 18, 19, 20];
successor = [31, 82, 79, 80, 73, 27, 2, 86, 34, 83, 75, 4, 43, 23, 71, 87, 74, 85, 29, 72, 28, 12, 39, 76, 36, 81, 22, 35, 24, 1, 47, 16, 68, 10, 45, 6, 70, 78, 8, 32, 69, 77, 84, 13, 44, 3, 46, 33, 41, 37, 15, 20, 5, 17, 11, 19, 42, 38, 30, 25, 26, 7, 9, 21, 18, 14, 40, 49, 50, 51, 52, 53, 54, 55, 56, 57, 58, 59, 60, 61, 62, 63, 64, 65, 66, 67, 48];
predecessor = [30, 7, 46, 12, 53, 36, 62, 39, 63, 34, 55, 22, 44, 66, 51, 32, 54, 65, 56, 52, 64, 27, 14, 29, 60, 61, 6, 21, 19, 59, 1, 40, 48, 9, 28, 25, 50, 58, 23, 67, 49, 57, 13, 45, 35, 47, 31, 87, 68, 69, 70, 71, 72, 73, 74, 75, 76, 77, 78, 79, 80, 81, 82, 83, 84, 85, 86, 33, 41, 37, 15, 20, 5, 17, 11, 24, 42, 38, 3, 4, 26, 2, 10, 43, 18, 8, 16];
intload = [13, 13, 75, 72, 0, 24, 0, 36, 0, 35, 0, 66, 76, 0, 0, 31, 0, 0, 0, 0, 0, 45, 9, 23, 0, 0, 29, 25, 3, 0, 25, 15, 0, 13, 34, 14, 0, 0, 23, 0, 0, 0, 85, 73, 48, 56, 35, 0, 0, 0, 0, 0, 0, 0, 0, 0, 0, 0, 0, 0, 0, 0, 0, 0, 0, 0, 0, 19, 8, 11, 4, 16, 12, 5, 7, 42, 22, 15, 91, 77, 6, 21, 53, 109, 17, 56, 56];
----------
% Time limit exceeded!
Time taken: 302.0 seconds

Running Instance: inst17
=====UNKNOWN=====
Time taken: 302.0 seconds

Running Instance: inst18
Time taken: 0 seconds

Running Instance: inst19
Time taken: 0 seconds

Running Instance: inst20
Time taken: 0 seconds

Running Instance: inst21
Time taken: 0 seconds

