Solver: gecode
Model: CP_B

Running Instance: inst01
maximum distance among couriers = 14;
total distance of all couriers = 27;
courier_assignment = [1, 2, 1, 1, 2, 2, 1, 2, 1, 2];
successor = [3, 5, 4, 9, 6, 10, 1, 2, 8, 7];
predecessor = [7, 8, 1, 3, 2, 5, 10, 9, 4, 6];
intload = [0, 0, 3, 9, 2, 6, 0, 0, 14, 10];
----------
=====UNKNOWN=====
Solver: gecode
Model: CP_B

Running Instance: inst06
maximum distance among couriers = 322;
total distance of all couriers = 1284;
courier_assignment = [3, 2, 6, 5, 1, 5, 5, 4, 1, 2, 3, 4, 5, 6, 1, 2, 3, 4, 5, 6];
successor = [17, 16, 20, 6, 15, 19, 4, 18, 5, 2, 1, 8, 7, 3, 10, 11, 12, 13, 14, 9];
predecessor = [11, 10, 14, 7, 9, 4, 13, 12, 20, 15, 16, 17, 18, 19, 5, 2, 1, 8, 6, 3];
intload = [0, 0, 0, 6, 0, 20, 0, 0, 0, 0, 0, 0, 0, 0, 19, 25, 16, 20, 34, 21];
----------
Time taken: 150.0 seconds

Running Instance: inst07
maximum distance among couriers = 167;
total distance of all couriers = 945;
courier_assignment = [2, 4, 5, 3, 1, 6, 5, 6, 4, 6, 1, 1, 5, 5, 3, 2, 4, 1, 2, 3, 4, 5, 6, 1, 2, 3, 4, 5, 6];
successor = [16, 9, 14, 26, 12, 8, 3, 10, 27, 29, 5, 24, 28, 13, 4, 25, 2, 11, 1, 15, 17, 7, 6, 19, 20, 21, 22, 23, 18];
predecessor = [19, 17, 7, 15, 11, 23, 22, 6, 2, 8, 18, 5, 14, 3, 20, 1, 21, 29, 24, 25, 26, 27, 28, 12, 16, 4, 9, 13, 10];
intload = [0, 10, 24, 9, 11, 0, 0, 1, 21, 15, 0, 13, 59, 47, 0, 11, 0, 0, 0, 0, 0, 0, 0, 35, 32, 25, 41, 61, 25];
----------
Time taken: 151.0 seconds

Running Instance: inst08
maximum distance among couriers = 186;
total distance of all couriers = 974;
courier_assignment = [4, 2, 1, 7, 1, 8, 7, 6, 5, 1, 1, 2, 3, 4, 5, 6, 7, 8, 1, 2, 3, 4, 5, 6, 7, 8];
successor = [22, 20, 10, 7, 3, 26, 25, 24, 23, 19, 5, 2, 21, 1, 9, 8, 4, 6, 12, 13, 14, 15, 16, 17, 18, 11];
predecessor = [14, 12, 5, 17, 11, 18, 4, 16, 15, 3, 26, 19, 20, 21, 22, 23, 24, 25, 10, 2, 13, 1, 9, 8, 7, 6];
intload = [0, 0, 14, 0, 0, 0, 16, 0, 0, 32, 0, 0, 0, 0, 0, 0, 0, 0, 51, 25, 0, 10, 24, 16, 25, 7];
----------
Time taken: 150.0 seconds

Running Instance: inst09
maximum distance among couriers = 436;
total distance of all couriers = 1658;
courier_assignment = [3, 6, 4, 7, 1, 2, 2, 10, 5, 9, 7, 4, 7, 1, 2, 3, 4, 5, 6, 7, 8, 9, 10, 1, 2, 3, 4, 5, 6, 7, 8, 9, 10];
successor = [26, 29, 27, 13, 24, 7, 25, 33, 28, 32, 30, 3, 11, 5, 6, 1, 12, 9, 2, 4, 31, 10, 8, 15, 16, 17, 18, 19, 20, 21, 22, 23, 14];
predecessor = [16, 19, 12, 20, 14, 15, 6, 23, 18, 22, 13, 17, 4, 33, 24, 25, 26, 27, 28, 29, 30, 31, 32, 5, 7, 1, 3, 9, 2, 11, 21, 10, 8];
intload = [0, 0, 3, 0, 0, 0, 20, 0, 0, 0, 24, 0, 15, 0, 0, 0, 0, 0, 0, 0, 0, 0, 0, 13, 41, 4, 6, 25, 12, 31, 0, 21, 4];
----------
Time taken: 150.0 seconds

Running Instance: inst10
maximum distance among couriers = 244;
total distance of all couriers = 1413;
courier_assignment = [3, 6, 4, 7, 1, 2, 2, 10, 5, 9, 7, 6, 7, 1, 2, 3, 4, 5, 6, 7, 8, 9, 10, 1, 2, 3, 4, 5, 6, 7, 8, 9, 10];
successor = [26, 29, 27, 13, 24, 7, 25, 33, 28, 32, 30, 2, 11, 5, 6, 1, 3, 9, 12, 4, 31, 10, 8, 15, 16, 17, 18, 19, 20, 21, 22, 23, 14];
predecessor = [16, 12, 17, 20, 14, 15, 6, 23, 18, 22, 13, 19, 4, 33, 24, 25, 26, 27, 28, 29, 30, 31, 32, 5, 7, 1, 3, 9, 2, 11, 21, 10, 8];
intload = [0, 21, 0, 0, 0, 0, 12, 0, 0, 0, 14, 0, 8, 0, 0, 0, 0, 0, 0, 0, 0, 0, 0, 14, 29, 22, 10, 25, 38, 20, 0, 25, 19];
----------
Time taken: 150.0 seconds

Running Instance: inst13
maximum distance among couriers = 432;
total distance of all couriers = 1296;
courier_assignment = [2, 1, 3, 2, 2, 3, 1, 2, 3, 3, 3, 1, 2, 2, 1, 2, 2, 2, 3, 2, 1, 3, 2, 1, 1, 2, 3, 2, 2, 1, 3, 1, 2, 3, 3, 1, 1, 1, 3, 1, 1, 1, 1, 1, 3, 1, 1, 1, 2, 3, 1, 2, 3];
successor = [16, 30, 27, 1, 18, 3, 51, 29, 45, 11, 34, 21, 8, 4, 25, 20, 26, 17, 10, 33, 47, 19, 52, 43, 40, 23, 22, 14, 5, 15, 39, 41, 13, 35, 53, 2, 7, 12, 9, 38, 36, 37, 46, 32, 6, 42, 24, 44, 28, 31, 49, 50, 48];
predecessor = [4, 36, 6, 14, 29, 45, 37, 13, 39, 19, 10, 38, 33, 28, 30, 1, 18, 5, 22, 16, 12, 27, 26, 47, 15, 17, 3, 49, 8, 2, 50, 44, 20, 11, 34, 41, 42, 40, 31, 25, 32, 46, 24, 48, 9, 43, 21, 53, 51, 52, 7, 23, 35];
intload = [23, 37, 66, 18, 144, 61, 253, 104, 23, 122, 140, 106, 95, 9, 58, 35, 173, 156, 119, 60, 112, 98, 184, 158, 62, 178, 82, 0, 124, 45, 0, 3, 76, 147, 169, 27, 242, 91, 10, 76, 19, 220, 177, 0, 36, 201, 137, 0, 0, 0, 266, 198, 183];
----------
Time taken: 150.0 seconds

Running Instance: inst14
=====UNKNOWN=====
Time taken: 151.0 seconds

Running Instance: inst15
=====UNKNOWN=====
Time taken: 151.0 seconds

Running Instance: inst16
maximum distance among couriers = 286;
total distance of all couriers = 4249;
courier_assignment = [17, 11, 1, 14, 9, 12, 20, 6, 15, 5, 3, 13, 16, 17, 4, 3, 9, 7, 10, 3, 18, 8, 8, 5, 15, 11, 10, 17, 19, 18, 1, 7, 16, 3, 18, 16, 17, 1, 14, 11, 4, 7, 17, 6, 5, 15, 12, 1, 2, 3, 4, 5, 6, 7, 8, 9, 10, 11, 12, 13, 14, 15, 16, 17, 18, 19, 20, 1, 2, 3, 4, 5, 6, 7, 8, 9, 10, 11, 12, 13, 14, 15, 16, 17, 18, 19, 20];
successor = [84, 26, 38, 81, 17, 47, 87, 44, 82, 24, 34, 80, 33, 28, 41, 11, 76, 42, 77, 16, 85, 75, 22, 72, 46, 40, 19, 1, 86, 35, 68, 18, 83, 70, 21, 13, 14, 31, 4, 78, 71, 74, 37, 73, 10, 9, 79, 3, 69, 20, 15, 45, 8, 32, 23, 5, 27, 2, 6, 12, 39, 25, 36, 43, 30, 29, 7, 49, 50, 51, 52, 53, 54, 55, 56, 57, 58, 59, 60, 61, 62, 63, 64, 65, 66, 67, 48];
predecessor = [28, 58, 48, 39, 56, 59, 67, 53, 46, 45, 16, 60, 36, 37, 51, 20, 5, 32, 27, 50, 35, 23, 55, 10, 62, 2, 57, 14, 66, 65, 38, 54, 13, 11, 30, 63, 43, 3, 61, 26, 15, 18, 64, 8, 52, 25, 6, 87, 68, 69, 70, 71, 72, 73, 74, 75, 76, 77, 78, 79, 80, 81, 82, 83, 84, 85, 86, 31, 49, 34, 41, 24, 44, 42, 22, 17, 19, 40, 47, 12, 4, 9, 33, 1, 21, 29, 7];
intload = [53, 0, 0, 13, 0, 0, 0, 0, 33, 25, 41, 0, 10, 35, 0, 16, 12, 16, 16, 0, 27, 14, 0, 43, 0, 8, 0, 44, 0, 0, 31, 0, 19, 48, 13, 0, 24, 16, 0, 14, 4, 33, 0, 20, 0, 14, 5, 0, 0, 0, 0, 0, 0, 0, 0, 0, 0, 0, 0, 0, 0, 0, 0, 0, 0, 0, 0, 41, 0, 70, 12, 62, 23, 55, 35, 17, 19, 29, 26, 6, 18, 46, 38, 65, 52, 20, 13];
----------
Time taken: 151.0 seconds

Running Instance: inst17
=====UNKNOWN=====
Time taken: 151.0 seconds

Running Instance: inst18
maximum distance among couriers = 1214;
total distance of all couriers = 16652;
courier_assignment = [10, 5, 19, 17, 2, 13, 13, 14, 11, 19, 8, 5, 8, 9, 5, 5, 1, 5, 11, 8, 14, 2, 3, 4, 20, 9, 17, 14, 7, 17, 20, 8, 9, 20, 14, 19, 16, 20, 3, 4, 1, 3, 13, 12, 19, 5, 15, 20, 9, 4, 12, 15, 6, 13, 17, 10, 11, 5, 3, 19, 11, 18, 10, 12, 7, 10, 1, 20, 12, 11, 9, 13, 18, 2, 17, 12, 18, 18, 5, 3, 20, 13, 3, 20, 18, 15, 6, 13, 13, 13, 4, 5, 16, 12, 1, 16, 18, 3, 3, 8, 18, 20, 19, 7, 2, 7, 16, 11, 15, 1, 19, 6, 12, 1, 20, 13, 9, 2, 15, 10, 8, 4, 8, 15, 2, 5, 13, 17, 4, 9, 18, 9, 19, 9, 19, 18, 11, 3, 6, 1, 20, 5, 18, 8, 19, 11, 18, 7, 1, 17, 11, 16, 14, 9, 12, 13, 6, 20, 3, 15, 8, 5, 17, 4, 1, 9, 5, 10, 8, 18, 19, 8, 3, 6, 11, 10, 10, 14, 18, 17, 5, 13, 1, 3, 1, 20, 7, 14, 7, 18, 7, 1, 2, 3, 4, 5, 6, 7, 8, 9, 10, 11, 12, 13, 14, 15, 16, 17, 18, 19, 20, 1, 2, 3, 4, 5, 6, 7, 8, 9, 10, 11, 12, 13, 14, 15, 16, 17, 18, 19, 20];
successor = [120, 46, 145, 163, 213, 224, 72, 153, 175, 60, 32, 18, 219, 33, 142, 126, 149, 92, 70, 11, 28, 5, 173, 129, 115, 134, 30, 178, 187, 75, 186, 13, 49, 25, 21, 133, 107, 84, 98, 164, 212, 80, 88, 76, 3, 16, 124, 231, 71, 91, 44, 119, 87, 90, 27, 168, 151, 167, 99, 230, 222, 143, 66, 223, 191, 176, 110, 48, 51, 146, 166, 6, 131, 22, 128, 113, 85, 101, 12, 138, 38, 54, 59, 68, 179, 52, 157, 89, 156, 43, 40, 181, 152, 64, 165, 227, 229, 184, 159, 169, 77, 81, 10, 189, 74, 218, 96, 61, 226, 183, 135, 217, 155, 41, 141, 182, 132, 105, 160, 221, 20, 215, 161, 109, 118, 58, 82, 228, 50, 14, 170, 130, 171, 117, 36, 190, 9, 23, 112, 185, 31, 2, 73, 123, 103, 137, 78, 65, 114, 55, 19, 37, 225, 26, 94, 116, 174, 102, 39, 47, 121, 79, 150, 122, 140, 220, 216, 63, 144, 97, 45, 100, 214, 139, 108, 1, 56, 8, 136, 4, 15, 7, 95, 42, 17, 158, 148, 35, 29, 62, 106, 67, 125, 83, 24, 162, 53, 104, 172, 154, 177, 57, 69, 127, 188, 86, 93, 180, 147, 111, 34, 193, 194, 195, 196, 197, 198, 199, 200, 201, 202, 203, 204, 205, 206, 207, 208, 209, 210, 211, 192];
predecessor = [176, 142, 45, 180, 22, 72, 182, 178, 137, 103, 20, 79, 32, 130, 181, 46, 185, 12, 151, 121, 35, 74, 138, 195, 34, 154, 55, 21, 189, 27, 141, 11, 14, 211, 188, 135, 152, 81, 159, 91, 114, 184, 90, 51, 171, 2, 160, 68, 33, 129, 69, 86, 197, 82, 150, 177, 202, 126, 83, 10, 108, 190, 168, 94, 148, 63, 192, 84, 203, 19, 49, 7, 143, 105, 30, 44, 101, 147, 162, 42, 102, 127, 194, 38, 77, 206, 53, 43, 88, 54, 50, 18, 207, 155, 183, 107, 170, 39, 59, 172, 78, 158, 145, 198, 118, 191, 37, 175, 124, 67, 210, 139, 76, 149, 25, 156, 134, 125, 52, 1, 161, 164, 144, 47, 193, 16, 204, 75, 24, 132, 73, 117, 36, 26, 111, 179, 146, 80, 174, 165, 115, 15, 62, 169, 3, 70, 209, 187, 17, 163, 57, 93, 8, 200, 113, 89, 87, 186, 99, 119, 123, 196, 4, 40, 95, 71, 58, 56, 100, 131, 133, 199, 23, 157, 9, 66, 201, 28, 85, 208, 92, 116, 110, 98, 140, 31, 29, 205, 104, 136, 65, 231, 212, 213, 214, 215, 216, 217, 218, 219, 220, 221, 222, 223, 224, 225, 226, 227, 228, 229, 230, 41, 5, 173, 122, 167, 112, 106, 13, 166, 120, 61, 64, 6, 153, 109, 96, 128, 97, 60, 48];
intload = [93, 81, 72, 25, 43, 112, 99, 67, 89, 117, 126, 17, 151, 84, 62, 97, 119, 37, 33, 105, 38, 30, 129, 0, 2, 10, 60, 48, 39, 64, 46, 132, 95, 0, 25, 17, 31, 129, 34, 52, 140, 75, 59, 30, 69, 92, 49, 157, 107, 19, 6, 13, 0, 26, 59, 19, 0, 121, 6, 131, 146, 110, 59, 115, 66, 69, 0, 155, 0, 42, 116, 100, 133, 25, 84, 49, 36, 12, 3, 97, 112, 21, 0, 146, 44, 0, 16, 61, 65, 35, 27, 49, 0, 107, 48, 76, 151, 53, 8, 11, 19, 103, 103, 0, 19, 109, 53, 132, 85, 21, 0, 71, 64, 133, 21, 89, 39, 2, 28, 104, 83, 57, 52, 71, 0, 119, 0, 92, 9, 79, 138, 64, 41, 32, 6, 89, 64, 115, 56, 86, 35, 64, 129, 28, 95, 44, 0, 56, 121, 50, 17, 8, 92, 0, 86, 87, 21, 88, 23, 38, 66, 0, 41, 56, 73, 128, 139, 37, 18, 147, 60, 0, 154, 37, 113, 89, 0, 52, 68, 0, 58, 96, 42, 69, 98, 63, 46, 0, 20, 91, 87, 0, 0, 0, 0, 0, 0, 0, 0, 0, 0, 0, 0, 0, 0, 0, 0, 0, 0, 0, 0, 152, 59, 157, 60, 141, 72, 126, 161, 129, 127, 167, 117, 114, 107, 104, 83, 102, 175, 156, 163];
----------
Time taken: 151.0 seconds

Running Instance: inst19
maximum distance among couriers = 334;
total distance of all couriers = 5774;
courier_assignment = [3, 20, 4, 4, 8, 10, 11, 13, 7, 18, 13, 7, 20, 5, 2, 16, 7, 2, 9, 17, 13, 4, 1, 19, 10, 10, 2, 14, 4, 5, 2, 9, 9, 20, 14, 5, 11, 20, 14, 13, 1, 10, 15, 16, 5, 4, 7, 14, 13, 11, 7, 11, 5, 5, 13, 2, 8, 6, 6, 9, 17, 6, 4, 7, 17, 2, 1, 18, 1, 16, 12, 1, 2, 3, 4, 5, 6, 7, 8, 9, 10, 11, 12, 13, 14, 15, 16, 17, 18, 19, 20, 1, 2, 3, 4, 5, 6, 7, 8, 9, 10, 11, 12, 13, 14, 15, 16, 17, 18, 19, 20];
successor = [94, 38, 22, 3, 99, 101, 102, 40, 98, 68, 21, 9, 111, 45, 56, 107, 51, 27, 60, 61, 104, 63, 69, 110, 42, 6, 31, 39, 95, 36, 66, 33, 19, 2, 105, 14, 7, 13, 35, 11, 23, 26, 106, 70, 54, 29, 12, 28, 55, 37, 64, 50, 96, 53, 8, 18, 5, 62, 97, 100, 108, 59, 46, 47, 20, 93, 41, 109, 92, 16, 103, 67, 15, 1, 4, 30, 58, 17, 57, 32, 25, 52, 71, 49, 48, 43, 44, 65, 10, 24, 34, 73, 74, 75, 76, 77, 78, 79, 80, 81, 82, 83, 84, 85, 86, 87, 88, 89, 90, 91, 72];
predecessor = [74, 34, 4, 75, 57, 26, 37, 55, 12, 89, 40, 47, 38, 36, 73, 70, 78, 56, 33, 65, 11, 3, 41, 90, 81, 42, 18, 48, 46, 76, 27, 80, 32, 91, 39, 30, 50, 2, 28, 8, 67, 25, 86, 87, 14, 63, 64, 85, 84, 52, 17, 82, 54, 45, 49, 15, 79, 77, 62, 19, 20, 58, 22, 51, 88, 31, 72, 10, 23, 44, 83, 111, 92, 93, 94, 95, 96, 97, 98, 99, 100, 101, 102, 103, 104, 105, 106, 107, 108, 109, 110, 69, 66, 1, 29, 53, 59, 9, 5, 60, 6, 7, 71, 21, 35, 43, 16, 61, 68, 24, 13];
intload = [0, 18, 10, 0, 2, 35, 58, 20, 75, 0, 44, 50, 47, 27, 0, 20, 0, 40, 35, 20, 51, 29, 38, 0, 0, 26, 47, 21, 71, 0, 51, 0, 25, 0, 38, 17, 35, 24, 27, 43, 15, 10, 0, 0, 28, 68, 28, 0, 0, 20, 2, 0, 65, 40, 13, 25, 0, 0, 25, 46, 24, 23, 44, 15, 0, 60, 0, 12, 45, 12, 0, 0, 0, 0, 0, 0, 0, 0, 0, 0, 0, 0, 0, 0, 0, 0, 0, 0, 0, 0, 0, 65, 73, 20, 93, 75, 30, 88, 20, 71, 36, 73, 19, 57, 59, 10, 30, 33, 16, 8, 52];
----------
Time taken: 150.0 seconds

Running Instance: inst20
=====UNKNOWN=====
Time taken: 152.0 seconds

Running Instance: inst21
maximum distance among couriers = 972;
total distance of all couriers = 14426;
courier_assignment = [17, 2, 2, 5, 18, 13, 6, 10, 19, 14, 10, 14, 1, 14, 17, 7, 9, 11, 17, 20, 2, 17, 3, 20, 15, 11, 16, 2, 16, 14, 8, 2, 8, 18, 10, 9, 19, 14, 8, 15, 10, 2, 14, 3, 16, 19, 5, 6, 20, 17, 7, 13, 10, 1, 20, 16, 8, 17, 16, 18, 18, 7, 18, 17, 9, 13, 2, 18, 10, 4, 12, 17, 5, 8, 1, 18, 15, 20, 10, 10, 3, 20, 12, 10, 13, 5, 1, 4, 6, 17, 20, 2, 7, 3, 1, 20, 9, 4, 4, 2, 16, 6, 6, 20, 5, 11, 10, 2, 16, 9, 19, 6, 4, 13, 14, 13, 6, 9, 12, 18, 1, 8, 20, 6, 8, 15, 3, 13, 14, 17, 5, 7, 14, 6, 17, 16, 11, 17, 19, 8, 3, 7, 3, 1, 2, 3, 4, 5, 6, 7, 8, 9, 10, 11, 12, 13, 14, 15, 16, 17, 18, 19, 20, 1, 2, 3, 4, 5, 6, 7, 8, 9, 10, 11, 12, 13, 14, 15, 16, 17, 18, 19, 20];
successor = [50, 21, 100, 73, 181, 52, 134, 35, 139, 177, 173, 10, 87, 43, 130, 142, 110, 26, 180, 104, 165, 58, 127, 91, 178, 106, 109, 108, 179, 14, 140, 42, 125, 5, 41, 17, 9, 115, 171, 25, 53, 92, 133, 141, 29, 37, 168, 112, 55, 19, 62, 85, 11, 75, 82, 27, 122, 72, 136, 63, 120, 93, 76, 22, 36, 128, 2, 61, 8, 88, 175, 138, 105, 39, 95, 34, 126, 96, 80, 69, 94, 20, 119, 79, 116, 131, 54, 113, 48, 135, 78, 3, 132, 143, 121, 183, 172, 167, 70, 28, 56, 7, 89, 24, 47, 137, 84, 67, 59, 118, 182, 102, 98, 66, 129, 114, 169, 97, 71, 60, 164, 74, 49, 117, 57, 40, 44, 176, 12, 64, 4, 170, 38, 124, 15, 45, 174, 1, 111, 33, 166, 51, 23, 13, 32, 81, 99, 86, 103, 16, 31, 65, 107, 18, 83, 6, 30, 77, 101, 90, 68, 46, 123, 145, 146, 147, 148, 149, 150, 151, 152, 153, 154, 155, 156, 157, 158, 159, 160, 161, 162, 163, 144];
predecessor = [138, 67, 92, 131, 34, 156, 102, 69, 37, 12, 53, 129, 144, 30, 135, 150, 36, 154, 50, 82, 2, 64, 143, 104, 40, 18, 56, 100, 45, 157, 151, 145, 140, 76, 8, 65, 46, 133, 74, 126, 35, 32, 14, 127, 136, 162, 105, 89, 123, 1, 142, 6, 41, 87, 49, 101, 125, 22, 109, 120, 68, 51, 60, 130, 152, 114, 108, 161, 80, 99, 119, 58, 4, 122, 54, 63, 158, 91, 84, 79, 146, 55, 155, 107, 52, 148, 13, 70, 103, 160, 24, 42, 62, 81, 75, 78, 118, 113, 147, 3, 159, 112, 149, 20, 73, 26, 153, 28, 27, 17, 139, 48, 88, 116, 38, 85, 124, 110, 83, 61, 95, 57, 163, 134, 33, 77, 23, 66, 115, 15, 86, 93, 43, 7, 90, 59, 106, 72, 9, 31, 44, 16, 94, 183, 164, 165, 166, 167, 168, 169, 170, 171, 172, 173, 174, 175, 176, 177, 178, 179, 180, 181, 182, 121, 21, 141, 98, 47, 117, 132, 39, 97, 11, 137, 71, 128, 10, 25, 29, 19, 5, 111, 96];
intload = [107, 62, 21, 16, 60, 0, 55, 60, 11, 97, 102, 88, 0, 3, 20, 0, 19, 0, 134, 66, 84, 70, 50, 100, 34, 22, 16, 45, 91, 0, 0, 0, 23, 43, 61, 13, 1, 48, 91, 18, 80, 16, 17, 77, 85, 0, 49, 14, 20, 116, 26, 6, 85, 22, 45, 2, 55, 84, 50, 30, 7, 35, 33, 48, 0, 39, 57, 0, 59, 11, 19, 91, 40, 74, 26, 39, 0, 139, 32, 43, 0, 46, 0, 25, 29, 0, 8, 14, 12, 0, 117, 17, 40, 25, 40, 164, 70, 34, 0, 31, 0, 43, 0, 76, 41, 47, 0, 51, 41, 29, 55, 36, 28, 34, 70, 31, 111, 52, 3, 25, 45, 66, 0, 94, 44, 10, 62, 56, 82, 24, 6, 62, 38, 77, 15, 71, 51, 96, 30, 19, 97, 7, 44, 0, 0, 0, 0, 0, 0, 0, 0, 0, 0, 0, 0, 0, 0, 0, 0, 0, 0, 0, 0, 46, 92, 109, 41, 60, 133, 66, 108, 74, 107, 67, 29, 72, 116, 53, 112, 151, 85, 70, 174];
----------
Time taken: 150.0 seconds

