Solver: gecode
Model: CP_C_SB

Running Instance: inst01
maximum distance among couriers = 14;
total distance of all couriers = 28;
courier_assignment = [1, 2, 1, 1, 2, 2, 1, 2, 1, 2];
successor = [9, 5, 1, 3, 6, 10, 4, 2, 8, 7];
predecessor = [3, 8, 4, 7, 2, 5, 10, 9, 1, 6];
intload = [11, 0, 5, 0, 2, 6, 0, 0, 14, 10];
----------
==========
Time taken: 1.0 seconds

Running Instance: inst02
maximum distance among couriers = 226;
total distance of all couriers = 1037;
courier_assignment = [4, 1, 5, 4, 6, 3, 6, 3, 5, 1, 2, 3, 4, 5, 6, 1, 2, 3, 4, 5, 6];
successor = [4, 16, 9, 19, 21, 8, 5, 18, 20, 2, 17, 6, 1, 3, 7, 11, 12, 13, 14, 15, 10];
predecessor = [13, 10, 14, 1, 7, 12, 15, 6, 3, 21, 16, 17, 18, 19, 20, 2, 11, 8, 4, 9, 5];
intload = [0, 0, 0, 11, 24, 0, 0, 1, 23, 0, 0, 0, 0, 0, 0, 11, 0, 15, 27, 43, 26];
----------
Time taken: 301.0 seconds

Running Instance: inst03
maximum distance among couriers = 12;
total distance of all couriers = 34;
courier_assignment = [3, 2, 1, 2, 1, 1, 3, 1, 2, 3, 1, 2, 3];
successor = [7, 12, 11, 2, 6, 3, 13, 5, 4, 1, 9, 10, 8];
predecessor = [10, 4, 6, 9, 8, 5, 1, 13, 11, 12, 3, 2, 7];
intload = [0, 8, 9, 0, 0, 5, 3, 0, 0, 0, 15, 10, 7];
----------
==========
Time taken: 1.0 seconds

Running Instance: inst04
maximum distance among couriers = 220;
total distance of all couriers = 992;
courier_assignment = [5, 4, 2, 8, 4, 7, 6, 3, 6, 8, 1, 2, 3, 4, 5, 6, 7, 8, 1, 2, 3, 4, 5, 6, 7, 8];
successor = [23, 5, 20, 26, 22, 25, 24, 21, 7, 4, 19, 3, 8, 2, 1, 9, 6, 10, 12, 13, 14, 15, 16, 17, 18, 11];
predecessor = [15, 14, 12, 10, 2, 17, 9, 13, 16, 18, 26, 19, 20, 21, 22, 23, 24, 25, 11, 3, 8, 5, 1, 7, 6, 4];
intload = [0, 0, 0, 19, 25, 0, 23, 0, 0, 0, 0, 0, 0, 0, 0, 0, 0, 0, 0, 18, 19, 39, 10, 47, 16, 35];
----------
Time taken: 301.0 seconds

Running Instance: inst05
maximum distance among couriers = 206;
total distance of all couriers = 366;
courier_assignment = [2, 1, 2, 1, 2, 1, 2];
successor = [3, 6, 7, 2, 1, 5, 4];
predecessor = [5, 4, 1, 7, 6, 2, 3];
intload = [0, 0, 20, 0, 0, 17, 26];
----------
==========
Time taken: 1.0 seconds

Running Instance: inst06
maximum distance among couriers = 322;
total distance of all couriers = 1238;
courier_assignment = [4, 4, 5, 3, 6, 3, 5, 1, 1, 2, 3, 4, 5, 6, 1, 2, 3, 4, 5, 6];
successor = [18, 1, 19, 17, 20, 4, 3, 15, 8, 16, 6, 2, 7, 5, 10, 11, 12, 13, 14, 9];
predecessor = [2, 12, 7, 6, 14, 11, 13, 9, 20, 15, 16, 17, 18, 19, 8, 10, 4, 1, 3, 5];
intload = [25, 0, 6, 14, 0, 0, 0, 0, 0, 0, 0, 0, 0, 0, 20, 0, 28, 41, 27, 19];
----------
Time taken: 301.0 seconds

Running Instance: inst07
maximum distance among couriers = 172;
total distance of all couriers = 932;
courier_assignment = [5, 4, 5, 6, 1, 1, 4, 3, 6, 2, 2, 1, 5, 5, 3, 2, 4, 1, 2, 3, 4, 5, 6, 1, 2, 3, 4, 5, 6];
successor = [3, 7, 14, 9, 12, 5, 27, 26, 29, 11, 25, 24, 28, 13, 8, 10, 2, 6, 16, 15, 17, 1, 4, 19, 20, 21, 22, 23, 18];
predecessor = [22, 17, 1, 23, 6, 18, 2, 15, 4, 16, 10, 5, 14, 3, 20, 19, 21, 29, 24, 25, 26, 27, 28, 12, 11, 8, 7, 13, 9];
intload = [0, 10, 11, 0, 1, 0, 21, 9, 16, 21, 31, 3, 46, 34, 0, 0, 0, 0, 0, 0, 0, 0, 0, 25, 42, 23, 45, 48, 36];
----------
Time taken: 301.0 seconds

Running Instance: inst08
maximum distance among couriers = 186;
total distance of all couriers = 1131;
courier_assignment = [3, 5, 6, 1, 1, 2, 8, 4, 7, 6, 1, 2, 3, 4, 5, 6, 7, 8, 1, 2, 3, 4, 5, 6, 7, 8];
successor = [21, 23, 10, 19, 4, 20, 26, 22, 25, 24, 5, 6, 1, 8, 2, 3, 9, 7, 12, 13, 14, 15, 16, 17, 18, 11];
predecessor = [13, 15, 16, 5, 11, 12, 18, 14, 17, 3, 26, 19, 20, 21, 22, 23, 24, 25, 4, 6, 1, 8, 2, 10, 9, 7];
intload = [0, 0, 0, 14, 0, 0, 0, 0, 0, 18, 0, 0, 0, 0, 0, 0, 0, 0, 30, 7, 10, 16, 25, 37, 24, 9];
----------
Time taken: 301.0 seconds

Running Instance: inst09
maximum distance among couriers = 436;
total distance of all couriers = 1861;
courier_assignment = [8, 10, 2, 9, 6, 5, 6, 1, 4, 8, 5, 9, 7, 1, 2, 3, 4, 5, 6, 7, 8, 9, 10, 1, 2, 3, 4, 5, 6, 7, 8, 9, 10];
successor = [10, 33, 25, 32, 29, 11, 5, 24, 27, 31, 28, 4, 30, 8, 3, 26, 9, 6, 7, 13, 1, 12, 2, 15, 16, 17, 18, 19, 20, 21, 22, 23, 14];
predecessor = [21, 23, 15, 12, 7, 18, 19, 14, 17, 1, 6, 22, 20, 33, 24, 25, 26, 27, 28, 29, 30, 31, 32, 8, 3, 16, 9, 11, 5, 13, 10, 4, 2];
intload = [0, 0, 0, 3, 21, 0, 0, 0, 0, 4, 20, 0, 0, 0, 0, 0, 0, 0, 0, 0, 0, 0, 0, 4, 3, 0, 25, 27, 34, 9, 25, 18, 12];
----------
Time taken: 301.0 seconds

Running Instance: inst10
maximum distance among couriers = 244;
total distance of all couriers = 1566;
courier_assignment = [1, 8, 10, 7, 1, 4, 1, 6, 2, 6, 9, 5, 7, 1, 2, 3, 4, 5, 6, 7, 8, 9, 10, 1, 2, 3, 4, 5, 6, 7, 8, 9, 10];
successor = [7, 31, 33, 13, 24, 27, 5, 29, 25, 8, 32, 28, 30, 1, 9, 26, 6, 12, 10, 4, 2, 11, 3, 15, 16, 17, 18, 19, 20, 21, 22, 23, 14];
predecessor = [14, 21, 23, 20, 7, 17, 1, 10, 15, 19, 22, 18, 4, 33, 24, 25, 26, 27, 28, 29, 30, 31, 32, 5, 9, 16, 6, 12, 8, 13, 2, 11, 3];
intload = [0, 0, 0, 0, 39, 0, 22, 25, 0, 0, 0, 0, 8, 0, 0, 0, 0, 0, 0, 0, 0, 0, 0, 53, 25, 0, 12, 21, 44, 14, 17, 6, 10];
----------
Time taken: 301.0 seconds

Running Instance: inst11
maximum distance among couriers = 1136;
total distance of all couriers = 13453;
courier_assignment = [12, 19, 15, 10, 10, 10, 16, 10, 20, 15, 19, 8, 17, 2, 12, 16, 15, 12, 13, 10, 13, 4, 10, 14, 20, 13, 17, 17, 10, 17, 17, 4, 15, 7, 16, 9, 16, 7, 3, 13, 9, 20, 3, 7, 10, 7, 16, 2, 9, 13, 19, 3, 16, 2, 17, 9, 8, 16, 8, 17, 15, 12, 3, 14, 12, 3, 13, 19, 15, 18, 14, 11, 18, 3, 14, 7, 12, 18, 17, 17, 12, 1, 8, 17, 11, 10, 14, 1, 11, 19, 8, 12, 17, 8, 8, 13, 13, 10, 3, 6, 18, 3, 20, 14, 15, 8, 8, 9, 3, 4, 7, 19, 16, 14, 18, 6, 18, 2, 20, 17, 15, 13, 20, 13, 10, 15, 19, 11, 19, 2, 15, 16, 14, 14, 11, 10, 4, 20, 9, 5, 19, 8, 2, 1, 2, 3, 4, 5, 6, 7, 8, 9, 10, 11, 12, 13, 14, 15, 16, 17, 18, 19, 20, 1, 2, 3, 4, 5, 6, 7, 8, 9, 10, 11, 12, 13, 14, 15, 16, 17, 18, 19, 20];
successor = [65, 182, 69, 5, 6, 29, 35, 86, 138, 61, 90, 83, 84, 54, 175, 53, 105, 15, 67, 173, 97, 167, 4, 177, 119, 176, 180, 120, 125, 27, 30, 110, 178, 76, 37, 56, 58, 46, 43, 26, 139, 123, 166, 38, 136, 34, 16, 143, 172, 21, 112, 63, 132, 130, 93, 41, 171, 179, 106, 13, 131, 18, 102, 71, 77, 74, 50, 11, 17, 78, 133, 85, 70, 99, 104, 111, 81, 115, 31, 55, 62, 164, 59, 80, 135, 98, 64, 82, 128, 51, 12, 1, 79, 95, 91, 40, 124, 45, 109, 169, 117, 39, 42, 134, 126, 107, 57, 49, 52, 22, 170, 141, 47, 75, 101, 100, 181, 165, 103, 60, 10, 96, 183, 122, 8, 33, 129, 72, 2, 118, 3, 7, 24, 87, 174, 20, 32, 25, 108, 168, 127, 94, 14, 88, 48, 66, 137, 140, 116, 44, 142, 36, 23, 89, 92, 19, 114, 121, 113, 28, 73, 68, 9, 145, 146, 147, 148, 149, 150, 151, 152, 153, 154, 155, 156, 157, 158, 159, 160, 161, 162, 163, 144];
predecessor = [92, 129, 131, 23, 4, 5, 132, 125, 163, 121, 68, 91, 60, 143, 18, 47, 69, 62, 156, 136, 50, 110, 153, 133, 138, 40, 30, 160, 6, 31, 79, 137, 126, 46, 7, 152, 35, 44, 102, 96, 56, 103, 39, 150, 98, 38, 113, 145, 108, 67, 90, 109, 16, 14, 80, 36, 107, 37, 83, 120, 10, 81, 52, 87, 1, 146, 19, 162, 3, 73, 64, 128, 161, 66, 114, 34, 65, 70, 93, 84, 77, 88, 12, 13, 72, 8, 134, 144, 154, 11, 95, 155, 55, 142, 94, 122, 21, 86, 74, 116, 115, 63, 119, 75, 17, 59, 106, 139, 99, 32, 76, 51, 159, 157, 78, 149, 101, 130, 25, 28, 158, 124, 42, 97, 29, 105, 141, 89, 127, 54, 61, 53, 71, 104, 85, 45, 147, 9, 41, 148, 112, 151, 48, 183, 164, 165, 166, 167, 168, 169, 170, 171, 172, 173, 174, 175, 176, 177, 178, 179, 180, 181, 182, 82, 118, 43, 22, 140, 100, 111, 57, 49, 20, 135, 15, 26, 24, 33, 58, 27, 117, 2, 123];
intload = [17, 132, 65, 17, 23, 24, 50, 69, 0, 12, 22, 19, 50, 37, 100, 26, 79, 91, 0, 147, 57, 37, 0, 120, 37, 118, 163, 0, 43, 142, 134, 8, 120, 24, 63, 0, 65, 14, 89, 114, 45, 58, 106, 0, 118, 19, 14, 0, 94, 39, 40, 48, 36, 58, 87, 20, 92, 85, 44, 30, 25, 86, 51, 71, 37, 0, 24, 0, 73, 13, 87, 27, 0, 1, 19, 48, 51, 37, 132, 76, 76, 14, 23, 62, 39, 93, 46, 0, 0, 32, 15, 0, 109, 7, 11, 105, 70, 99, 11, 23, 65, 76, 55, 31, 99, 52, 76, 73, 23, 27, 61, 64, 0, 0, 49, 0, 73, 95, 38, 22, 0, 99, 61, 79, 45, 110, 99, 17, 117, 83, 43, 39, 106, 37, 54, 124, 0, 15, 66, 0, 77, 0, 23, 0, 0, 0, 0, 0, 0, 0, 0, 0, 0, 0, 0, 0, 0, 0, 0, 0, 0, 0, 0, 23, 119, 122, 51, 15, 48, 63, 107, 106, 166, 60, 102, 127, 145, 144, 103, 175, 86, 142, 81];
----------
Time taken: 301.0 seconds

Running Instance: inst12
maximum distance among couriers = 554;
total distance of all couriers = 7136;
courier_assignment = [7, 20, 18, 7, 13, 3, 16, 7, 17, 7, 12, 14, 3, 10, 13, 12, 17, 13, 10, 19, 19, 13, 7, 17, 17, 13, 3, 3, 7, 14, 20, 8, 19, 9, 7, 16, 15, 4, 17, 9, 15, 20, 3, 17, 20, 16, 5, 8, 8, 8, 5, 17, 16, 8, 18, 12, 20, 12, 19, 9, 14, 4, 7, 17, 18, 20, 13, 11, 8, 8, 1, 18, 19, 13, 5, 4, 10, 19, 12, 16, 19, 9, 15, 12, 5, 18, 11, 10, 5, 18, 5, 17, 12, 6, 5, 1, 2, 3, 4, 5, 6, 7, 8, 9, 10, 11, 12, 13, 14, 15, 16, 17, 18, 19, 20, 1, 2, 3, 4, 5, 6, 7, 8, 9, 10, 11, 12, 13, 14, 15, 16, 17, 18, 19, 20];
successor = [35, 66, 55, 63, 15, 27, 53, 23, 44, 1, 58, 61, 43, 77, 74, 127, 132, 128, 88, 59, 81, 67, 29, 52, 9, 22, 13, 118, 122, 12, 2, 123, 73, 60, 4, 7, 41, 76, 92, 82, 83, 45, 28, 39, 135, 36, 75, 32, 69, 48, 85, 25, 80, 49, 72, 16, 42, 93, 134, 124, 129, 38, 8, 17, 133, 57, 18, 87, 70, 50, 116, 90, 20, 26, 89, 119, 19, 33, 56, 131, 78, 34, 130, 11, 95, 3, 126, 125, 91, 65, 120, 64, 79, 121, 47, 71, 117, 6, 62, 51, 94, 10, 54, 40, 14, 68, 84, 5, 30, 37, 46, 24, 86, 21, 31, 97, 98, 99, 100, 101, 102, 103, 104, 105, 106, 107, 108, 109, 110, 111, 112, 113, 114, 115, 96];
predecessor = [10, 31, 86, 35, 108, 98, 36, 63, 25, 102, 84, 30, 27, 105, 5, 56, 64, 67, 77, 73, 114, 26, 8, 112, 52, 74, 6, 43, 23, 109, 115, 48, 78, 82, 1, 46, 110, 62, 44, 104, 37, 57, 13, 9, 42, 111, 95, 50, 54, 70, 100, 24, 7, 103, 3, 79, 66, 11, 20, 34, 12, 99, 4, 92, 90, 2, 22, 106, 49, 69, 96, 55, 33, 15, 47, 38, 14, 81, 93, 53, 21, 40, 41, 107, 51, 113, 68, 19, 75, 72, 89, 39, 58, 101, 85, 135, 116, 117, 118, 119, 120, 121, 122, 123, 124, 125, 126, 127, 128, 129, 130, 131, 132, 133, 134, 71, 97, 28, 76, 91, 94, 29, 32, 60, 88, 87, 16, 18, 61, 83, 80, 17, 65, 59, 45];
intload = [21, 24, 8, 45, 0, 0, 18, 73, 60, 0, 2, 4, 29, 0, 13, 61, 161, 75, 9, 66, 0, 50, 77, 0, 41, 38, 20, 42, 85, 0, 0, 103, 49, 2, 25, 13, 0, 9, 108, 0, 11, 54, 38, 85, 67, 0, 57, 93, 20, 72, 0, 16, 39, 0, 11, 57, 41, 9, 84, 13, 7, 0, 60, 138, 43, 36, 74, 0, 42, 62, 0, 14, 63, 33, 66, 21, 5, 37, 46, 47, 24, 1, 34, 0, 13, 0, 6, 25, 79, 38, 83, 115, 27, 0, 36, 0, 0, 0, 0, 0, 0, 0, 0, 0, 0, 0, 0, 0, 0, 0, 0, 0, 0, 0, 0, 19, 0, 45, 26, 104, 2, 100, 125, 23, 43, 31, 82, 77, 23, 37, 67, 180, 57, 85, 84];
----------
Time taken: 301.0 seconds

Running Instance: inst13
maximum distance among couriers = 1460;
total distance of all couriers = 3808;
courier_assignment = [1, 3, 1, 3, 1, 3, 3, 1, 2, 2, 1, 3, 2, 3, 1, 1, 1, 1, 3, 2, 3, 2, 1, 2, 1, 1, 1, 2, 2, 2, 3, 1, 2, 1, 2, 1, 1, 3, 1, 1, 2, 3, 1, 3, 3, 2, 1, 1, 2, 3, 1, 2, 3];
successor = [39, 45, 43, 31, 18, 53, 4, 17, 10, 20, 36, 38, 29, 12, 40, 8, 15, 11, 2, 28, 6, 30, 16, 41, 3, 27, 23, 24, 9, 35, 42, 26, 22, 25, 46, 1, 32, 19, 34, 5, 33, 21, 47, 14, 7, 52, 51, 37, 13, 44, 49, 50, 48];
predecessor = [36, 19, 25, 7, 40, 21, 45, 16, 29, 9, 18, 14, 49, 44, 17, 23, 8, 5, 38, 10, 42, 33, 27, 28, 34, 32, 26, 20, 13, 22, 4, 37, 41, 39, 30, 11, 48, 12, 1, 15, 24, 31, 3, 50, 2, 35, 43, 53, 51, 52, 47, 46, 6];
intload = [178, 36, 239, 82, 132, 144, 69, 88, 29, 42, 161, 12, 0, 3, 113, 63, 108, 144, 33, 60, 119, 131, 49, 85, 225, 27, 33, 76, 9, 152, 87, 11, 112, 203, 165, 168, 0, 18, 190, 117, 104, 97, 255, 0, 44, 179, 279, 0, 0, 0, 300, 198, 149];
----------
Time taken: 301.0 seconds

Running Instance: inst14
=====UNKNOWN=====
Time taken: 301.0 seconds

Running Instance: inst15
=====UNKNOWN=====
Time taken: 301.0 seconds

Running Instance: inst16
maximum distance among couriers = 396;
total distance of all couriers = 4200;
courier_assignment = [18, 19, 16, 15, 11, 19, 11, 20, 17, 13, 13, 18, 20, 16, 11, 14, 12, 15, 18, 7, 20, 13, 20, 12, 12, 20, 7, 9, 4, 14, 15, 10, 1, 14, 4, 7, 12, 11, 17, 11, 16, 4, 8, 13, 15, 5, 6, 1, 2, 3, 4, 5, 6, 7, 8, 9, 10, 11, 12, 13, 14, 15, 16, 17, 18, 19, 20, 1, 2, 3, 4, 5, 6, 7, 8, 9, 10, 11, 12, 13, 14, 15, 16, 17, 18, 19, 20];
successor = [85, 6, 41, 18, 40, 86, 15, 26, 39, 22, 10, 19, 8, 3, 5, 81, 24, 82, 1, 27, 23, 44, 13, 79, 37, 87, 74, 76, 71, 34, 45, 77, 68, 16, 29, 20, 17, 78, 84, 38, 83, 35, 75, 80, 4, 72, 73, 33, 69, 70, 42, 46, 47, 36, 43, 28, 32, 7, 25, 11, 30, 31, 14, 9, 12, 2, 21, 49, 50, 51, 52, 53, 54, 55, 56, 57, 58, 59, 60, 61, 62, 63, 64, 65, 66, 67, 48];
predecessor = [19, 66, 14, 45, 15, 2, 58, 13, 64, 11, 60, 65, 23, 63, 7, 34, 37, 4, 12, 36, 67, 10, 21, 17, 59, 8, 20, 56, 35, 61, 62, 57, 48, 30, 42, 54, 25, 40, 9, 5, 3, 51, 55, 22, 31, 52, 53, 87, 68, 69, 70, 71, 72, 73, 74, 75, 76, 77, 78, 79, 80, 81, 82, 83, 84, 85, 86, 33, 49, 50, 29, 46, 47, 27, 43, 28, 32, 38, 24, 44, 16, 18, 41, 39, 1, 6, 26];
intload = [9, 0, 9, 35, 17, 8, 0, 48, 0, 7, 0, 0, 39, 0, 13, 35, 25, 40, 6, 10, 0, 25, 25, 30, 0, 68, 26, 0, 36, 0, 0, 0, 0, 13, 22, 0, 14, 44, 13, 29, 25, 0, 0, 46, 10, 0, 0, 0, 0, 0, 0, 0, 0, 0, 0, 0, 0, 0, 0, 0, 0, 0, 0, 0, 0, 0, 0, 19, 0, 0, 56, 19, 21, 42, 24, 9, 16, 59, 49, 49, 60, 57, 33, 26, 21, 13, 74];
----------
Time taken: 301.0 seconds

Running Instance: inst17
=====UNKNOWN=====
Time taken: 301.0 seconds

Running Instance: inst18
=====UNKNOWN=====
Time taken: 301.0 seconds

Running Instance: inst19
maximum distance among couriers = 547;
total distance of all couriers = 6587;
courier_assignment = [18, 14, 19, 18, 20, 15, 15, 18, 6, 11, 18, 11, 17, 16, 11, 10, 18, 6, 8, 6, 19, 20, 12, 14, 10, 5, 3, 18, 15, 6, 2, 19, 8, 6, 3, 15, 16, 3, 13, 15, 6, 14, 9, 14, 4, 16, 13, 8, 16, 11, 10, 13, 6, 7, 10, 15, 18, 8, 2, 1, 5, 12, 5, 14, 17, 5, 12, 13, 7, 8, 3, 1, 2, 3, 4, 5, 6, 7, 8, 9, 10, 11, 12, 13, 14, 15, 16, 17, 18, 19, 20, 1, 2, 3, 4, 5, 6, 7, 8, 9, 10, 11, 12, 13, 14, 15, 16, 17, 18, 19, 20];
successor = [17, 44, 21, 8, 111, 29, 40, 28, 20, 12, 109, 50, 108, 107, 10, 55, 11, 41, 58, 30, 32, 5, 67, 2, 101, 66, 71, 57, 7, 18, 93, 110, 19, 9, 94, 56, 49, 27, 47, 36, 97, 64, 100, 105, 95, 14, 52, 33, 46, 102, 25, 68, 34, 69, 51, 106, 1, 99, 31, 92, 63, 103, 26, 24, 13, 96, 62, 104, 98, 48, 35, 60, 59, 38, 45, 61, 53, 54, 70, 43, 16, 15, 23, 39, 42, 6, 37, 65, 4, 3, 22, 73, 74, 75, 76, 77, 78, 79, 80, 81, 82, 83, 84, 85, 86, 87, 88, 89, 90, 91, 72];
predecessor = [57, 24, 90, 89, 22, 86, 29, 4, 34, 15, 17, 10, 65, 46, 82, 81, 1, 30, 33, 9, 3, 91, 83, 64, 51, 63, 38, 8, 6, 20, 59, 21, 48, 53, 71, 40, 87, 74, 84, 7, 18, 85, 80, 2, 75, 49, 39, 70, 37, 12, 55, 47, 77, 78, 16, 36, 28, 19, 73, 72, 76, 67, 61, 42, 88, 26, 23, 52, 54, 79, 27, 111, 92, 93, 94, 95, 96, 97, 98, 99, 100, 101, 102, 103, 104, 105, 106, 107, 108, 109, 110, 60, 31, 35, 45, 66, 41, 69, 58, 43, 25, 50, 62, 68, 44, 56, 14, 13, 11, 32, 5];
intload = [41, 37, 0, 0, 15, 0, 23, 10, 28, 25, 63, 37, 20, 39, 0, 0, 61, 62, 39, 41, 19, 0, 0, 29, 30, 33, 23, 33, 1, 45, 5, 25, 29, 10, 46, 39, 0, 0, 0, 38, 69, 0, 0, 43, 0, 36, 11, 8, 23, 62, 17, 33, 0, 0, 10, 49, 39, 50, 0, 0, 0, 22, 9, 16, 0, 42, 7, 53, 25, 0, 27, 0, 0, 0, 0, 0, 0, 0, 0, 0, 0, 0, 0, 0, 0, 0, 0, 0, 0, 0, 0, 25, 14, 67, 12, 55, 92, 45, 73, 10, 40, 77, 24, 57, 55, 64, 40, 25, 70, 50, 33];
----------
Time taken: 301.0 seconds

Running Instance: inst20
=====UNKNOWN=====
Time taken: 301.0 seconds

Running Instance: inst21
maximum distance among couriers = 905;
total distance of all couriers = 12695;
courier_assignment = [15, 13, 19, 17, 17, 19, 9, 7, 16, 19, 7, 7, 5, 14, 11, 1, 20, 9, 7, 14, 20, 17, 17, 8, 4, 1, 15, 19, 13, 17, 15, 15, 13, 7, 4, 19, 7, 5, 11, 20, 15, 5, 11, 11, 15, 4, 13, 3, 14, 20, 4, 19, 16, 14, 19, 3, 7, 17, 4, 7, 1, 1, 16, 5, 3, 14, 4, 14, 7, 9, 15, 16, 18, 8, 9, 18, 7, 18, 17, 7, 17, 8, 19, 1, 19, 18, 11, 17, 13, 13, 1, 12, 11, 10, 7, 12, 11, 9, 4, 18, 1, 17, 19, 8, 5, 6, 14, 3, 1, 11, 13, 1, 5, 2, 2, 5, 4, 16, 9, 19, 18, 10, 14, 2, 8, 11, 6, 16, 17, 1, 3, 16, 20, 11, 14, 2, 17, 3, 20, 12, 19, 18, 15, 1, 2, 3, 4, 5, 6, 7, 8, 9, 10, 11, 12, 13, 14, 15, 16, 17, 18, 19, 20, 1, 2, 3, 4, 5, 6, 7, 8, 9, 10, 11, 12, 13, 14, 15, 16, 17, 18, 19, 20];
successor = [27, 176, 36, 81, 79, 3, 70, 57, 72, 83, 69, 60, 38, 135, 43, 109, 133, 98, 12, 107, 183, 137, 180, 74, 167, 91, 41, 103, 90, 58, 1, 71, 89, 19, 99, 85, 8, 42, 126, 50, 45, 105, 110, 174, 32, 35, 2, 56, 54, 17, 117, 141, 9, 14, 120, 108, 34, 4, 67, 77, 130, 164, 132, 13, 48, 177, 51, 20, 80, 18, 143, 128, 121, 171, 119, 73, 170, 100, 30, 95, 22, 104, 6, 16, 55, 181, 97, 129, 47, 33, 112, 175, 39, 122, 37, 140, 134, 172, 59, 86, 62, 23, 52, 125, 113, 127, 49, 131, 101, 44, 29, 84, 116, 115, 136, 168, 25, 53, 7, 182, 142, 173, 66, 165, 24, 15, 169, 63, 5, 26, 166, 179, 21, 93, 123, 124, 102, 65, 40, 92, 10, 78, 178, 61, 114, 138, 46, 64, 106, 11, 82, 75, 94, 87, 96, 111, 68, 31, 118, 88, 76, 28, 139, 145, 146, 147, 148, 149, 150, 151, 152, 153, 154, 155, 156, 157, 158, 159, 160, 161, 162, 163, 144];
predecessor = [31, 47, 6, 58, 129, 83, 119, 37, 53, 141, 150, 19, 64, 54, 126, 84, 50, 70, 34, 68, 133, 81, 102, 125, 117, 130, 1, 162, 111, 79, 158, 45, 90, 57, 46, 3, 95, 13, 93, 139, 27, 38, 15, 110, 41, 147, 89, 65, 107, 40, 67, 103, 118, 49, 85, 48, 8, 30, 99, 12, 144, 101, 128, 148, 138, 123, 59, 157, 11, 7, 32, 9, 76, 24, 152, 161, 60, 142, 5, 69, 4, 151, 10, 112, 36, 100, 154, 160, 33, 29, 26, 140, 134, 153, 80, 155, 87, 18, 35, 78, 109, 137, 28, 82, 42, 149, 20, 56, 16, 43, 156, 91, 105, 145, 114, 113, 51, 159, 75, 55, 73, 94, 135, 136, 104, 39, 106, 72, 88, 61, 108, 63, 17, 97, 14, 115, 22, 146, 163, 96, 52, 121, 71, 183, 164, 165, 166, 167, 168, 169, 170, 171, 172, 173, 174, 175, 176, 177, 178, 179, 180, 181, 182, 62, 124, 131, 25, 116, 127, 77, 74, 98, 122, 44, 92, 2, 66, 143, 132, 23, 86, 120, 21];
intload = [19, 85, 81, 66, 20, 75, 30, 37, 35, 53, 0, 83, 22, 71, 82, 103, 59, 55, 66, 7, 79, 115, 157, 55, 88, 42, 28, 0, 15, 56, 0, 64, 51, 49, 1, 91, 27, 30, 57, 25, 53, 52, 86, 130, 58, 0, 74, 24, 42, 41, 57, 18, 18, 67, 99, 46, 38, 59, 31, 92, 0, 121, 75, 0, 11, 110, 52, 0, 5, 52, 80, 54, 4, 72, 0, 0, 95, 25, 45, 6, 90, 0, 72, 96, 97, 64, 0, 0, 72, 36, 67, 14, 35, 0, 22, 0, 14, 77, 20, 50, 119, 145, 6, 20, 53, 0, 17, 60, 110, 107, 0, 89, 61, 0, 5, 67, 66, 0, 14, 100, 5, 19, 90, 31, 44, 74, 4, 59, 14, 18, 66, 81, 69, 18, 85, 17, 129, 0, 0, 10, 41, 6, 90, 0, 0, 0, 0, 0, 0, 0, 0, 0, 0, 0, 0, 0, 0, 0, 0, 0, 0, 0, 0, 126, 48, 76, 107, 70, 19, 105, 89, 84, 27, 150, 18, 107, 127, 96, 85, 169, 70, 105, 87];
----------
Time taken: 301.0 seconds

