Solver: gecode
Model: CP_C

Running Instance: inst06
maximum distance among couriers = 322;
total distance of all couriers = 1050;
courier_assignment = [4, 2, 1, 6, 4, 6, 3, 3, 1, 2, 3, 4, 5, 6, 1, 2, 3, 4, 5, 6];
successor = [18, 16, 15, 20, 1, 4, 17, 7, 3, 2, 8, 5, 19, 6, 10, 11, 12, 13, 14, 9];
predecessor = [5, 10, 9, 6, 12, 14, 8, 11, 20, 15, 16, 17, 18, 19, 3, 2, 7, 1, 13, 4];
intload = [19, 0, 0, 14, 0, 0, 20, 0, 0, 0, 0, 0, 0, 0, 21, 25, 26, 35, 0, 28];
----------
Time taken: 150.0 seconds

Running Instance: inst07
maximum distance among couriers = 182;
total distance of all couriers = 957;
courier_assignment = [5, 3, 4, 1, 2, 6, 6, 3, 3, 4, 1, 6, 4, 1, 6, 4, 3, 1, 2, 3, 4, 5, 6, 1, 2, 3, 4, 5, 6];
successor = [28, 9, 13, 11, 25, 15, 6, 17, 26, 16, 14, 7, 27, 24, 29, 3, 2, 4, 5, 8, 10, 1, 12, 19, 20, 21, 22, 23, 18];
predecessor = [22, 17, 16, 18, 19, 7, 12, 20, 2, 21, 4, 23, 3, 11, 6, 10, 8, 29, 24, 25, 26, 27, 28, 14, 5, 9, 13, 1, 15];
intload = [0, 24, 31, 0, 0, 46, 22, 0, 35, 0, 16, 0, 54, 27, 47, 10, 14, 0, 0, 0, 0, 0, 0, 39, 2, 55, 56, 11, 56];
----------
Time taken: 151.0 seconds

Running Instance: inst08
maximum distance among couriers = 186;
total distance of all couriers = 1069;
courier_assignment = [8, 8, 2, 3, 6, 1, 5, 4, 7, 1, 1, 2, 3, 4, 5, 6, 7, 8, 1, 2, 3, 4, 5, 6, 7, 8];
successor = [2, 26, 20, 21, 24, 10, 23, 22, 25, 19, 6, 3, 4, 8, 7, 5, 9, 1, 12, 13, 14, 15, 16, 17, 18, 11];
predecessor = [18, 1, 12, 13, 16, 11, 15, 14, 17, 6, 26, 19, 20, 21, 22, 23, 24, 25, 10, 3, 4, 8, 7, 5, 9, 2];
intload = [0, 10, 0, 0, 0, 0, 0, 0, 0, 7, 0, 0, 0, 0, 0, 0, 0, 0, 26, 18, 16, 16, 9, 14, 24, 35];
----------
Time taken: 150.0 seconds

Running Instance: inst09
maximum distance among couriers = 436;
total distance of all couriers = 1658;
courier_assignment = [3, 6, 4, 7, 1, 2, 2, 10, 5, 9, 7, 4, 7, 1, 2, 3, 4, 5, 6, 7, 8, 9, 10, 1, 2, 3, 4, 5, 6, 7, 8, 9, 10];
successor = [26, 29, 27, 13, 24, 7, 25, 33, 28, 32, 30, 3, 11, 5, 6, 1, 12, 9, 2, 4, 31, 10, 8, 15, 16, 17, 18, 19, 20, 21, 22, 23, 14];
predecessor = [16, 19, 12, 20, 14, 15, 6, 23, 18, 22, 13, 17, 4, 33, 24, 25, 26, 27, 28, 29, 30, 31, 32, 5, 7, 1, 3, 9, 2, 11, 21, 10, 8];
intload = [0, 0, 3, 0, 0, 0, 20, 0, 0, 0, 24, 0, 15, 0, 0, 0, 0, 0, 0, 0, 0, 0, 0, 13, 41, 4, 6, 25, 12, 31, 0, 21, 4];
----------
Time taken: 150.0 seconds

Running Instance: inst10
maximum distance among couriers = 244;
total distance of all couriers = 1488;
courier_assignment = [5, 3, 8, 3, 5, 8, 10, 3, 2, 9, 7, 6, 7, 1, 2, 3, 4, 5, 6, 7, 8, 9, 10, 1, 2, 3, 4, 5, 6, 7, 8, 9, 10];
successor = [5, 4, 6, 8, 28, 31, 33, 26, 25, 32, 30, 29, 11, 24, 9, 2, 27, 1, 12, 13, 3, 10, 7, 15, 16, 17, 18, 19, 20, 21, 22, 23, 14];
predecessor = [18, 16, 21, 2, 1, 3, 23, 4, 15, 22, 13, 19, 20, 33, 24, 25, 26, 27, 28, 29, 30, 31, 32, 14, 9, 8, 17, 5, 12, 11, 6, 10, 7];
intload = [0, 0, 0, 17, 22, 10, 0, 25, 0, 0, 6, 0, 0, 0, 0, 0, 0, 0, 0, 0, 0, 0, 0, 0, 25, 44, 0, 36, 21, 12, 22, 25, 17];
----------
Time taken: 150.0 seconds

Running Instance: inst13
maximum distance among couriers = 1436;
total distance of all couriers = 4180;
courier_assignment = [1, 1, 2, 2, 2, 3, 2, 3, 2, 1, 3, 2, 1, 1, 1, 1, 3, 2, 3, 1, 2, 3, 3, 3, 2, 2, 2, 2, 1, 2, 3, 1, 1, 1, 3, 3, 2, 3, 3, 2, 1, 3, 1, 1, 1, 1, 3, 1, 2, 3, 1, 2, 3];
successor = [51, 29, 18, 52, 26, 11, 21, 42, 27, 43, 8, 37, 33, 45, 1, 14, 35, 30, 38, 16, 25, 6, 31, 23, 5, 4, 40, 12, 46, 28, 39, 10, 32, 13, 36, 24, 7, 22, 47, 3, 34, 53, 15, 2, 41, 20, 19, 44, 9, 17, 49, 50, 48];
predecessor = [15, 44, 40, 26, 25, 22, 37, 11, 49, 32, 6, 28, 34, 16, 43, 20, 50, 3, 47, 46, 7, 38, 24, 36, 21, 5, 9, 30, 2, 18, 23, 33, 13, 41, 17, 35, 12, 19, 31, 27, 45, 8, 10, 48, 14, 29, 39, 53, 51, 52, 1, 4, 42];
intload = [245, 3, 44, 186, 168, 145, 116, 157, 0, 199, 150, 99, 155, 91, 241, 66, 0, 60, 106, 50, 129, 124, 48, 29, 154, 180, 13, 90, 11, 77, 62, 183, 164, 133, 5, 19, 105, 109, 72, 29, 125, 177, 217, 0, 100, 31, 85, 0, 0, 0, 257, 191, 199];
----------
Time taken: 150.0 seconds

Running Instance: inst14
=====UNKNOWN=====
Time taken: 151.0 seconds

Running Instance: inst15
=====UNKNOWN=====
Time taken: 151.0 seconds

Running Instance: inst16
maximum distance among couriers = 363;
total distance of all couriers = 4248;
courier_assignment = [19, 15, 12, 19, 15, 5, 4, 6, 1, 18, 1, 6, 3, 16, 17, 18, 5, 2, 4, 2, 17, 9, 3, 11, 20, 3, 19, 20, 6, 15, 13, 13, 8, 10, 2, 16, 15, 11, 10, 12, 4, 9, 9, 19, 14, 7, 12, 1, 2, 3, 4, 5, 6, 7, 8, 9, 10, 11, 12, 13, 14, 15, 16, 17, 18, 19, 20, 1, 2, 3, 4, 5, 6, 7, 8, 9, 10, 11, 12, 13, 14, 15, 16, 17, 18, 19, 20];
successor = [27, 5, 47, 1, 37, 72, 71, 12, 11, 85, 68, 73, 23, 36, 21, 10, 6, 20, 7, 69, 84, 43, 26, 78, 28, 70, 86, 87, 8, 82, 32, 80, 75, 77, 18, 83, 30, 24, 34, 79, 19, 76, 42, 4, 81, 74, 40, 9, 35, 13, 41, 17, 29, 46, 33, 22, 39, 38, 3, 31, 45, 2, 14, 15, 16, 44, 25, 49, 50, 51, 52, 53, 54, 55, 56, 57, 58, 59, 60, 61, 62, 63, 64, 65, 66, 67, 48];
predecessor = [4, 62, 59, 44, 2, 17, 19, 29, 48, 16, 9, 8, 50, 63, 64, 65, 52, 35, 41, 18, 15, 56, 13, 38, 67, 23, 1, 25, 53, 37, 60, 31, 55, 39, 49, 14, 5, 58, 57, 47, 51, 43, 22, 66, 61, 54, 3, 87, 68, 69, 70, 71, 72, 73, 74, 75, 76, 77, 78, 79, 80, 81, 82, 83, 84, 85, 86, 11, 20, 26, 7, 6, 12, 46, 33, 42, 34, 24, 40, 32, 45, 30, 36, 21, 10, 27, 28];
intload = [8, 0, 0, 3, 8, 5, 11, 20, 0, 25, 13, 40, 0, 0, 0, 0, 0, 14, 8, 31, 4, 0, 9, 15, 0, 23, 20, 14, 0, 31, 0, 10, 0, 13, 0, 9, 20, 0, 0, 37, 0, 45, 21, 0, 0, 0, 16, 0, 0, 0, 0, 0, 0, 0, 0, 0, 0, 0, 0, 0, 0, 0, 0, 0, 0, 0, 0, 20, 47, 29, 24, 10, 46, 19, 19, 67, 35, 34, 52, 26, 25, 44, 19, 29, 43, 36, 23];
----------
Time taken: 151.0 seconds

Running Instance: inst17
=====UNKNOWN=====
Time taken: 151.0 seconds

Running Instance: inst18
maximum distance among couriers = 1190;
total distance of all couriers = 17427;
courier_assignment = [17, 17, 11, 10, 20, 4, 13, 18, 14, 17, 17, 10, 2, 12, 7, 10, 8, 7, 8, 12, 18, 17, 14, 19, 7, 4, 7, 1, 18, 10, 12, 13, 17, 16, 13, 18, 4, 3, 20, 11, 13, 5, 2, 10, 9, 15, 17, 1, 9, 14, 19, 13, 1, 11, 8, 16, 13, 8, 13, 15, 13, 15, 9, 7, 9, 19, 9, 18, 6, 20, 6, 3, 9, 16, 2, 16, 5, 11, 18, 2, 2, 5, 11, 8, 12, 12, 3, 3, 6, 11, 6, 3, 15, 3, 1, 16, 15, 12, 5, 16, 1, 20, 2, 4, 7, 14, 17, 3, 10, 3, 19, 14, 5, 18, 10, 20, 17, 4, 16, 20, 12, 15, 11, 10, 5, 19, 8, 11, 10, 3, 2, 2, 2, 9, 7, 12, 13, 9, 8, 1, 13, 8, 18, 14, 9, 14, 3, 7, 4, 12, 13, 14, 8, 15, 6, 11, 14, 11, 5, 19, 2, 6, 5, 19, 2, 8, 9, 10, 9, 10, 18, 4, 17, 5, 11, 7, 8, 4, 19, 11, 14, 9, 10, 12, 15, 9, 15, 5, 12, 4, 19, 1, 2, 3, 4, 5, 6, 7, 8, 9, 10, 11, 12, 13, 14, 15, 16, 17, 18, 19, 20, 1, 2, 3, 4, 5, 6, 7, 8, 9, 10, 11, 12, 13, 14, 15, 16, 17, 18, 19, 20];
successor = [47, 22, 54, 44, 39, 172, 57, 36, 157, 2, 33, 183, 103, 85, 64, 12, 19, 176, 177, 98, 171, 117, 144, 66, 148, 149, 15, 140, 143, 4, 20, 52, 173, 96, 32, 29, 215, 87, 102, 83, 61, 125, 133, 129, 49, 62, 228, 28, 145, 146, 160, 137, 101, 158, 153, 119, 35, 139, 41, 93, 151, 226, 134, 218, 73, 111, 220, 21, 89, 116, 69, 88, 45, 227, 161, 34, 159, 40, 68, 43, 75, 216, 3, 17, 121, 189, 108, 92, 162, 180, 155, 130, 46, 38, 212, 56, 185, 86, 188, 74, 95, 231, 80, 26, 135, 181, 1, 214, 124, 72, 164, 50, 163, 79, 30, 120, 107, 6, 100, 5, 136, 187, 156, 115, 77, 24, 58, 78, 16, 94, 13, 131, 213, 182, 25, 223, 59, 186, 55, 53, 7, 166, 114, 106, 67, 152, 110, 18, 190, 14, 224, 23, 84, 60, 217, 222, 112, 90, 82, 179, 165, 91, 99, 51, 132, 219, 169, 109, 138, 168, 229, 37, 10, 42, 128, 27, 142, 118, 230, 123, 225, 167, 221, 31, 122, 65, 154, 174, 150, 178, 126, 48, 81, 147, 104, 113, 71, 105, 127, 63, 170, 175, 184, 141, 9, 97, 76, 11, 8, 191, 70, 193, 194, 195, 196, 197, 198, 199, 200, 201, 202, 203, 204, 205, 206, 207, 208, 209, 210, 211, 192];
predecessor = [107, 10, 83, 30, 120, 118, 141, 209, 205, 173, 208, 16, 131, 150, 27, 129, 84, 148, 17, 31, 68, 2, 152, 126, 135, 104, 176, 48, 36, 115, 184, 35, 11, 76, 57, 8, 172, 94, 5, 78, 59, 174, 80, 4, 73, 93, 1, 192, 45, 112, 164, 32, 140, 3, 139, 96, 7, 127, 137, 154, 41, 46, 200, 15, 186, 24, 145, 79, 71, 211, 197, 110, 65, 100, 81, 207, 125, 128, 114, 103, 193, 159, 40, 153, 14, 98, 38, 72, 69, 158, 162, 88, 60, 130, 101, 34, 206, 20, 163, 119, 53, 39, 13, 195, 198, 144, 117, 87, 168, 147, 66, 157, 196, 143, 124, 70, 22, 178, 56, 116, 85, 185, 180, 109, 42, 191, 199, 175, 44, 92, 132, 165, 43, 63, 105, 121, 52, 169, 58, 28, 204, 177, 29, 23, 49, 50, 194, 25, 26, 189, 61, 146, 55, 187, 91, 123, 9, 54, 77, 51, 75, 89, 113, 111, 161, 142, 182, 170, 167, 201, 21, 6, 33, 188, 202, 18, 19, 190, 160, 90, 106, 134, 12, 203, 97, 138, 122, 99, 86, 149, 210, 231, 212, 213, 214, 215, 216, 217, 218, 219, 220, 221, 222, 223, 224, 225, 226, 227, 228, 229, 230, 95, 133, 108, 37, 82, 155, 64, 166, 67, 183, 156, 136, 151, 181, 62, 74, 47, 171, 179, 102];
intload = [107, 35, 46, 93, 32, 105, 11, 0, 0, 21, 0, 160, 79, 101, 66, 138, 79, 46, 81, 23, 83, 46, 92, 24, 17, 20, 62, 6, 49, 73, 6, 42, 6, 15, 29, 25, 118, 71, 48, 36, 103, 90, 121, 109, 97, 101, 118, 0, 100, 41, 60, 61, 22, 69, 54, 24, 12, 21, 101, 68, 115, 106, 0, 68, 71, 33, 117, 81, 12, 0, 0, 33, 92, 59, 17, 0, 114, 29, 67, 103, 0, 133, 40, 70, 112, 60, 88, 45, 18, 93, 43, 49, 93, 63, 55, 17, 0, 44, 31, 52, 38, 67, 89, 0, 0, 141, 84, 93, 26, 12, 53, 40, 0, 60, 59, 2, 59, 88, 42, 9, 136, 45, 142, 45, 112, 22, 0, 19, 128, 58, 70, 55, 123, 10, 6, 158, 76, 32, 39, 10, 0, 109, 56, 117, 109, 49, 0, 36, 42, 92, 136, 69, 55, 58, 68, 156, 24, 78, 122, 84, 25, 40, 22, 59, 42, 126, 20, 4, 22, 0, 93, 107, 18, 71, 0, 58, 90, 73, 95, 117, 158, 17, 180, 0, 24, 46, 48, 46, 73, 54, 0, 0, 0, 0, 0, 0, 0, 0, 0, 0, 0, 0, 0, 0, 0, 0, 0, 0, 0, 0, 0, 80, 142, 107, 140, 138, 89, 70, 127, 138, 186, 158, 160, 152, 162, 125, 64, 140, 102, 116, 76];
----------
Time taken: 151.0 seconds

Running Instance: inst19
maximum distance among couriers = 493;
total distance of all couriers = 6454;
courier_assignment = [1, 16, 9, 3, 11, 15, 18, 16, 9, 10, 1, 2, 4, 14, 14, 11, 16, 12, 14, 3, 1, 11, 17, 20, 8, 11, 17, 8, 4, 11, 10, 7, 7, 10, 6, 19, 18, 12, 6, 10, 4, 8, 4, 5, 9, 17, 7, 6, 17, 19, 13, 10, 8, 20, 16, 16, 14, 3, 6, 14, 13, 2, 3, 1, 9, 16, 6, 20, 15, 11, 9, 1, 2, 3, 4, 5, 6, 7, 8, 9, 10, 11, 12, 13, 14, 15, 16, 17, 18, 19, 20, 1, 2, 3, 4, 5, 6, 7, 8, 9, 10, 11, 12, 13, 14, 15, 16, 17, 18, 19, 20];
successor = [11, 55, 71, 58, 70, 106, 37, 66, 100, 40, 21, 62, 43, 105, 57, 5, 2, 38, 60, 63, 92, 16, 108, 54, 99, 30, 23, 25, 13, 102, 10, 47, 32, 52, 97, 110, 109, 103, 48, 101, 95, 53, 41, 96, 3, 27, 98, 67, 46, 36, 61, 31, 28, 111, 107, 8, 19, 94, 35, 14, 104, 93, 4, 1, 9, 17, 59, 24, 6, 26, 65, 64, 12, 20, 29, 44, 39, 33, 42, 45, 34, 22, 18, 51, 15, 69, 56, 49, 7, 50, 68, 73, 74, 75, 76, 77, 78, 79, 80, 81, 82, 83, 84, 85, 86, 87, 88, 89, 90, 91, 72];
predecessor = [64, 17, 45, 63, 16, 69, 89, 56, 65, 31, 1, 73, 29, 60, 85, 22, 66, 83, 57, 74, 11, 82, 27, 68, 28, 70, 46, 53, 75, 26, 52, 33, 78, 81, 59, 50, 7, 18, 77, 10, 43, 79, 13, 76, 80, 49, 32, 39, 88, 90, 84, 34, 42, 24, 2, 87, 15, 4, 67, 19, 51, 12, 20, 72, 71, 8, 48, 91, 86, 5, 3, 111, 92, 93, 94, 95, 96, 97, 98, 99, 100, 101, 102, 103, 104, 105, 106, 107, 108, 109, 110, 21, 62, 58, 41, 44, 35, 47, 25, 9, 40, 30, 38, 61, 14, 6, 55, 23, 37, 36, 54];
intload = [13, 53, 12, 28, 25, 20, 0, 15, 70, 47, 33, 0, 22, 63, 0, 15, 51, 0, 27, 0, 40, 0, 20, 4, 32, 51, 16, 26, 0, 60, 38, 10, 0, 0, 52, 15, 15, 7, 0, 59, 37, 0, 27, 0, 0, 13, 35, 11, 0, 0, 0, 18, 16, 12, 59, 0, 25, 38, 47, 38, 13, 25, 4, 0, 50, 38, 32, 0, 0, 43, 31, 0, 0, 0, 0, 0, 0, 0, 0, 0, 0, 0, 0, 0, 0, 0, 0, 0, 0, 0, 0, 46, 27, 61, 60, 12, 73, 57, 42, 83, 60, 77, 30, 22, 64, 21, 66, 27, 38, 25, 37];
----------
Time taken: 150.0 seconds

Running Instance: inst20
=====UNKNOWN=====
Time taken: 151.0 seconds

Running Instance: inst21
maximum distance among couriers = 765;
total distance of all couriers = 11738;
courier_assignment = [19, 10, 9, 18, 17, 13, 4, 4, 11, 13, 10, 18, 4, 7, 13, 7, 3, 1, 13, 1, 12, 18, 4, 5, 17, 20, 7, 13, 13, 13, 16, 18, 16, 12, 1, 19, 20, 16, 1, 9, 15, 3, 18, 16, 1, 19, 9, 18, 1, 19, 14, 14, 20, 12, 18, 16, 16, 15, 1, 2, 7, 12, 2, 14, 18, 2, 4, 10, 3, 5, 1, 19, 2, 13, 19, 17, 14, 16, 17, 8, 10, 13, 11, 11, 5, 13, 3, 15, 4, 13, 1, 2, 4, 7, 1, 9, 15, 11, 10, 10, 2, 13, 5, 11, 17, 1, 4, 15, 12, 4, 5, 20, 14, 13, 7, 20, 1, 18, 13, 16, 15, 12, 15, 2, 16, 10, 3, 20, 8, 9, 15, 15, 14, 17, 14, 16, 8, 5, 2, 5, 7, 7, 6, 1, 2, 3, 4, 5, 6, 7, 8, 9, 10, 11, 12, 13, 14, 15, 16, 17, 18, 19, 20, 1, 2, 3, 4, 5, 6, 7, 8, 9, 10, 11, 12, 13, 14, 15, 16, 17, 18, 19, 20];
successor = [72, 11, 130, 43, 79, 176, 110, 67, 98, 28, 81, 118, 107, 16, 10, 115, 87, 39, 74, 71, 175, 48, 89, 85, 134, 183, 141, 114, 82, 90, 136, 55, 57, 109, 164, 182, 116, 120, 59, 3, 108, 69, 22, 38, 18, 36, 40, 12, 117, 46, 135, 133, 128, 34, 4, 78, 125, 131, 49, 124, 170, 21, 92, 113, 32, 60, 93, 100, 166, 103, 95, 50, 63, 6, 1, 105, 177, 179, 180, 171, 68, 30, 84, 174, 111, 29, 127, 178, 7, 102, 35, 101, 23, 142, 45, 172, 123, 83, 173, 126, 139, 15, 140, 9, 5, 20, 167, 58, 62, 13, 70, 26, 52, 119, 61, 53, 91, 181, 19, 33, 132, 54, 121, 73, 56, 99, 42, 112, 80, 96, 97, 88, 51, 76, 77, 44, 129, 168, 165, 138, 14, 27, 169, 106, 66, 17, 8, 24, 143, 94, 137, 47, 2, 104, 122, 86, 64, 41, 31, 25, 65, 75, 37, 145, 146, 147, 148, 149, 150, 151, 152, 153, 154, 155, 156, 157, 158, 159, 160, 161, 162, 163, 144];
predecessor = [75, 153, 40, 55, 105, 74, 89, 147, 104, 15, 2, 48, 110, 141, 102, 14, 146, 45, 119, 106, 62, 43, 93, 148, 160, 112, 142, 10, 86, 82, 159, 65, 120, 54, 91, 46, 163, 44, 18, 47, 158, 127, 4, 136, 95, 50, 152, 22, 59, 72, 133, 113, 116, 122, 32, 125, 33, 108, 39, 66, 115, 109, 73, 157, 161, 145, 8, 81, 42, 111, 20, 1, 124, 19, 162, 134, 135, 56, 5, 129, 11, 29, 98, 83, 24, 156, 17, 132, 23, 30, 117, 63, 67, 150, 71, 130, 131, 9, 126, 68, 92, 90, 70, 154, 76, 144, 13, 41, 34, 7, 85, 128, 64, 28, 16, 37, 49, 12, 114, 38, 123, 155, 97, 60, 57, 100, 87, 53, 137, 3, 58, 121, 52, 25, 51, 31, 151, 140, 101, 103, 27, 94, 149, 183, 164, 165, 166, 167, 168, 169, 170, 171, 172, 173, 174, 175, 176, 177, 178, 179, 180, 181, 182, 35, 139, 69, 107, 138, 143, 61, 80, 96, 99, 84, 21, 6, 77, 88, 78, 79, 118, 36, 26];
intload = [14, 0, 27, 30, 48, 161, 42, 0, 24, 81, 22, 111, 87, 75, 77, 89, 0, 35, 127, 4, 43, 75, 28, 0, 0, 53, 38, 100, 6, 47, 0, 13, 80, 12, 164, 47, 0, 53, 57, 11, 0, 39, 54, 33, 29, 46, 0, 89, 95, 28, 61, 28, 13, 8, 29, 123, 101, 11, 74, 17, 108, 38, 38, 0, 0, 0, 1, 52, 40, 34, 14, 23, 37, 144, 0, 36, 75, 137, 73, 22, 27, 27, 50, 53, 17, 0, 10, 57, 40, 50, 142, 44, 6, 0, 24, 61, 28, 43, 81, 59, 48, 65, 37, 0, 40, 0, 95, 5, 29, 64, 19, 46, 22, 106, 96, 10, 120, 120, 111, 75, 52, 0, 32, 20, 112, 73, 24, 30, 16, 37, 18, 53, 51, 19, 70, 19, 0, 53, 50, 49, 63, 19, 0, 0, 0, 0, 0, 0, 0, 0, 0, 0, 0, 0, 0, 0, 0, 0, 0, 0, 0, 0, 0, 183, 75, 41, 120, 64, 6, 126, 38, 71, 92, 60, 51, 167, 85, 71, 162, 84, 138, 53, 78];
----------
Time taken: 151.0 seconds

